Log started 01-05--$H$M0.8408964152537145, 0, 1, 0, 1
deque([0, 0, 0, 0, 0, 0, 0, 0], maxlen=8)
0.8408964152537145, 0, 2, 0, 2
deque([0, 0, 0, 0, 0, 0, 0, 0], maxlen=8)
0.8408964152537145, 0, 3, 0, 3
deque([0, 0, 0, 0, 0, 0, 0, 0], maxlen=8)
0.8408964152537145, 0, 4, 0, 4
deque([0, 0, 0, 0, 0, 0, 0, 0], maxlen=8)
0.7071067811865476, 0, 5, 0, 5
deque([0, 0, 0, 0, 0, 0, 0, 0], maxlen=8)
0.7071067811865476, 0, 6, 0, 6
deque([0, 0, 0, 0, 0, 0, 0, 0], maxlen=8)
0.7071067811865476, 0, 7, 0, 7
deque([0, 0, 0, 0, 0, 0, 0, 0], maxlen=8)
0.7071067811865476, 0, 8, 0, 8
deque([0, 0, 0, 0, 0, 0, 0, 0], maxlen=8)
0.7071067811865476, 0, 8, 0, 8
deque([0, 0, 0, 0, 0, 0, 0, 0], maxlen=8)
0.7071067811865476, 0, 8, 0, 8
deque([0, 0, 0, 0, 0, 0, 0, 0], maxlen=8)
0.7071067811865476, 0, 8, 0, 8
deque([0, 0, 0, 0, 0, 0, 0, 0], maxlen=8)
0.7071067811865476, 0, 8, 0, 8
deque([0, 0, 0, 0, 0, 0, 0, 0], maxlen=8)
0.7071067811865476, 0, 8, 0, 8
deque([0, 0, 0, 0, 0, 0, 0, 0], maxlen=8)
0.7071067811865476, 0, 8, 0, 8
deque([0, 0, 0, 0, 0, 0, 0, 0], maxlen=8)
0.7071067811865476, 0, 8, 0, 8
deque([0, 0, 0, 0, 0, 0, 0, 0], maxlen=8)
0.7071067811865476, 0, 8, 0, 8
deque([0, 0, 0, 0, 0, 0, 0, 0], maxlen=8)
0.7071067811865476, 0, 8, 0, 8
deque([0, 0, 0, 0, 0, 0, 0, 0], maxlen=8)
0.7071067811865476, 0, 8, 0, 8
deque([0, 0, 0, 0, 0, 0, 0, 0], maxlen=8)
0.7071067811865476, 0, 8, 0, 8
deque([0, 0, 0, 0, 0, 0, 0, 0], maxlen=8)
0.7071067811865476, 0, 8, 0, 8
deque([0, 0, 0, 0, 0, 0, 0, 0], maxlen=8)
0.7071067811865476, 0, 8, 0, 8
deque([0, 0, 0, 0, 0, 0, 0, 0], maxlen=8)
0.7071067811865476, 0, 8, 0, 8
deque([0, 0, 0, 0, 0, 0, 0, 0], maxlen=8)
0.7071067811865476, 0, 8, 0, 8
deque([0, 0, 0, 0, 0, 0, 0, 0], maxlen=8)
0.7071067811865476, 0, 8, 0, 8
deque([0, 0, 0, 0, 0, 0, 0, 0], maxlen=8)
0.7071067811865476, 0, 8, 0, 8
deque([0, 0, 0, 0, 0, 0, 0, 0], maxlen=8)
0.7071067811865476, 0, 8, 0, 8
deque([0, 0, 0, 0, 0, 0, 0, 0], maxlen=8)
0.7071067811865476, 0, 8, 0, 8
deque([0, 0, 0, 0, 0, 0, 0, 0], maxlen=8)
0.7071067811865476, 0, 8, 0, 8
deque([0, 0, 0, 0, 0, 0, 0, 0], maxlen=8)
0.7071067811865476, 0, 8, 0, 8
deque([0, 0, 0, 0, 0, 0, 0, 0], maxlen=8)
0.7071067811865476, 0, 8, 0, 8
deque([0, 0, 0, 0, 0, 0, 0, 0], maxlen=8)
0.7071067811865476, 0, 8, 0, 8
deque([0, 0, 0, 0, 0, 0, 0, 0], maxlen=8)
0.7071067811865476, 0, 8, 0, 8
deque([0, 0, 0, 0, 0, 0, 0, 0], maxlen=8)
0.7071067811865476, 0, 8, 0, 8
deque([0, 0, 0, 0, 0, 0, 0, 0], maxlen=8)
0.7071067811865476, 0, 8, 0, 8
deque([0, 0, 0, 0, 0, 0, 0, 0], maxlen=8)
0.7071067811865476, 0, 8, 0, 8
deque([0, 0, 0, 0, 0, 0, 0, 0], maxlen=8)
0.7071067811865476, 0, 8, 0, 8
deque([0, 0, 0, 0, 0, 0, 0, 0], maxlen=8)
0.7071067811865476, 0, 8, 1, 9
deque([0, 0, 0, 0, 0, 0, 0, 0], maxlen=8)
0.5, 0, 8, 2, 10
deque([0, 0, 0, 0, 0, 0, 0, 0], maxlen=8)
0.5, 0, 8, 3, 11
deque([0, 0, 0, 0, 0, 0, 0, 0], maxlen=8)
0.5, 1, 8, 3, 12
deque([0, 0, 0, 0, 0, 0, 0, 1], maxlen=8)
0.5, 2, 8, 3, 13
deque([0, 0, 0, 0, 0, 0, 1, 1], maxlen=8)
0.5, 3, 8, 3, 14
deque([0, 0, 0, 0, 0, 1, 1, 1], maxlen=8)
0.5, 4, 8, 3, 15
deque([0, 0, 0, 0, 1, 1, 1, 1], maxlen=8)
0.5, 5, 8, 3, 16
deque([0, 0, 0, 1, 1, 1, 1, 1], maxlen=8)
0.5, 6, 8, 2, 16
deque([0, 0, 1, 1, 1, 1, 1, 1], maxlen=8)
0.5, 7, 8, 1, 16
deque([0, 1, 1, 1, 1, 1, 1, 1], maxlen=8)
0.5, 8, 8, 0, 16
deque([1, 1, 1, 1, 1, 1, 1, 1], maxlen=8)
0.5, 8, 8, 0, 16
deque([1, 1, 1, 1, 1, 1, 1, 1], maxlen=8)
0.5, 8, 8, 0, 16
deque([1, 1, 1, 1, 1, 1, 1, 1], maxlen=8)
0.5, 8, 8, 0, 16
deque([1, 1, 1, 1, 1, 1, 1, 1], maxlen=8)
0.5, 7, 8, 1, 16
deque([1, 1, 1, 1, 1, 1, 1, 0], maxlen=8)
0.5, 6, 8, 2, 16
deque([1, 1, 1, 1, 1, 1, 0, 0], maxlen=8)
0.5, 5, 8, 2, 15
deque([1, 1, 1, 1, 1, 0, 0, 0], maxlen=8)
0.5, 4, 8, 2, 14
deque([1, 1, 1, 1, 0, 0, 0, 0], maxlen=8)
0.5, 3, 8, 2, 13
deque([1, 1, 1, 0, 0, 0, 0, 0], maxlen=8)
0.5, 2, 8, 2, 12
deque([1, 1, 0, 0, 0, 0, 0, 0], maxlen=8)
0.5, 1, 8, 2, 11
deque([1, 0, 0, 0, 0, 0, 0, 0], maxlen=8)
0.5, 0, 8, 2, 10
deque([0, 0, 0, 0, 0, 0, 0, 0], maxlen=8)
0.7071067811865476, 0, 8, 1, 9
deque([0, 0, 0, 0, 0, 0, 0, 0], maxlen=8)
0.7071067811865476, 0, 8, 0, 8
deque([0, 0, 0, 0, 0, 0, 0, 0], maxlen=8)
0.7071067811865476, 1, 8, 0, 9
deque([0, 0, 0, 0, 0, 0, 0, 1], maxlen=8)
0.5, 2, 8, 0, 10
deque([0, 0, 0, 0, 0, 0, 1, 1], maxlen=8)
0.5, 3, 8, 0, 11
deque([0, 0, 0, 0, 0, 1, 1, 1], maxlen=8)
0.5, 4, 8, 0, 12
deque([0, 0, 0, 0, 1, 1, 1, 1], maxlen=8)
0.5, 5, 8, 0, 13
deque([0, 0, 0, 1, 1, 1, 1, 1], maxlen=8)
0.5, 6, 8, 0, 14
deque([0, 0, 1, 1, 1, 1, 1, 1], maxlen=8)
0.5, 7, 8, 0, 15
deque([0, 1, 1, 1, 1, 1, 1, 1], maxlen=8)
0.5, 8, 8, 0, 16
deque([1, 1, 1, 1, 1, 1, 1, 1], maxlen=8)
0.5, 8, 8, 0, 16
deque([1, 1, 1, 1, 1, 1, 1, 1], maxlen=8)
0.5, 8, 8, 0, 16
deque([1, 1, 1, 1, 1, 1, 1, 1], maxlen=8)
0.5, 8, 8, 0, 16
deque([1, 1, 1, 1, 1, 1, 1, 1], maxlen=8)
0.5, 8, 8, 0, 16
deque([1, 1, 1, 1, 1, 1, 1, 1], maxlen=8)
0.5, 8, 8, 0, 16
deque([1, 1, 1, 1, 1, 1, 1, 1], maxlen=8)
0.5, 8, 8, 0, 16
deque([1, 1, 1, 1, 1, 1, 1, 1], maxlen=8)
0.5, 8, 8, 0, 16
deque([1, 1, 1, 1, 1, 1, 1, 1], maxlen=8)
0.5, 8, 8, 0, 16
deque([1, 1, 1, 1, 1, 1, 1, 1], maxlen=8)
0.5, 8, 8, 0, 16
deque([1, 1, 1, 1, 1, 1, 1, 1], maxlen=8)
0.5, 8, 8, 0, 16
deque([1, 1, 1, 1, 1, 1, 1, 1], maxlen=8)
0.5, 8, 8, 0, 16
deque([1, 1, 1, 1, 1, 1, 1, 1], maxlen=8)
0.5, 8, 8, 0, 16
deque([1, 1, 1, 1, 1, 1, 1, 1], maxlen=8)
0.5, 7, 8, 1, 16
deque([1, 1, 1, 1, 1, 1, 1, 0], maxlen=8)
0.5, 6, 8, 2, 16
deque([1, 1, 1, 1, 1, 1, 0, 0], maxlen=8)
0.5, 6, 8, 2, 16
deque([1, 1, 1, 1, 1, 0, 0, 1], maxlen=8)
0.5, 6, 8, 2, 16
deque([1, 1, 1, 1, 0, 0, 1, 1], maxlen=8)
0.5, 6, 8, 2, 16
deque([1, 1, 1, 0, 0, 1, 1, 1], maxlen=8)
0.5, 6, 8, 2, 16
deque([1, 1, 0, 0, 1, 1, 1, 1], maxlen=8)
0.5, 6, 8, 2, 16
deque([1, 0, 0, 1, 1, 1, 1, 1], maxlen=8)
0.5, 6, 8, 2, 16
deque([0, 0, 1, 1, 1, 1, 1, 1], maxlen=8)
0.5, 7, 8, 1, 16
deque([0, 1, 1, 1, 1, 1, 1, 1], maxlen=8)
0.5, 8, 8, 0, 16
deque([1, 1, 1, 1, 1, 1, 1, 1], maxlen=8)
0.5, 8, 8, 0, 16
deque([1, 1, 1, 1, 1, 1, 1, 1], maxlen=8)
0.5, 8, 8, 0, 16
deque([1, 1, 1, 1, 1, 1, 1, 1], maxlen=8)
0.5, 8, 8, 0, 16
deque([1, 1, 1, 1, 1, 1, 1, 1], maxlen=8)
0.5, 8, 8, 0, 16
deque([1, 1, 1, 1, 1, 1, 1, 1], maxlen=8)
0.5, 8, 8, 0, 16
deque([1, 1, 1, 1, 1, 1, 1, 1], maxlen=8)
0.5, 8, 8, 0, 16
deque([1, 1, 1, 1, 1, 1, 1, 1], maxlen=8)
0.5, 8, 8, 0, 16
deque([1, 1, 1, 1, 1, 1, 1, 1], maxlen=8)
0.5, 8, 8, 0, 16
deque([1, 1, 1, 1, 1, 1, 1, 1], maxlen=8)
0.5, 8, 8, 0, 16
deque([1, 1, 1, 1, 1, 1, 1, 1], maxlen=8)
0.5, 8, 8, 0, 16
deque([1, 1, 1, 1, 1, 1, 1, 1], maxlen=8)
0.5, 8, 8, 0, 16
deque([1, 1, 1, 1, 1, 1, 1, 1], maxlen=8)
0.5, 7, 9, 0, 16
deque([1, 1, 1, 1, 1, 1, 1, 0], maxlen=8)
0.5, 6, 10, 0, 16
deque([1, 1, 1, 1, 1, 1, 0, 0], maxlen=8)
0.5, 5, 10, 0, 15
deque([1, 1, 1, 1, 1, 0, 0, 0], maxlen=8)
0.5, 4, 10, 0, 14
deque([1, 1, 1, 1, 0, 0, 0, 0], maxlen=8)
0.5, 3, 10, 0, 13
deque([1, 1, 1, 0, 0, 0, 0, 0], maxlen=8)
0.5, 2, 10, 0, 12
deque([1, 1, 0, 0, 0, 0, 0, 0], maxlen=8)
0.5, 1, 10, 0, 11
deque([1, 0, 0, 0, 0, 0, 0, 0], maxlen=8)
0.5, 0, 10, 0, 10
deque([0, 0, 0, 0, 0, 0, 0, 0], maxlen=8)
0.7071067811865476, 0, 9, 0, 9
deque([0, 0, 0, 0, 0, 0, 0, 0], maxlen=8)
0.7071067811865476, 0, 8, 0, 8
deque([0, 0, 0, 0, 0, 0, 0, 0], maxlen=8)
0.7071067811865476, 0, 8, 0, 8
deque([0, 0, 0, 0, 0, 0, 0, 0], maxlen=8)
0.7071067811865476, 0, 8, 0, 8
deque([0, 0, 0, 0, 0, 0, 0, 0], maxlen=8)
0.7071067811865476, 0, 8, 0, 8
deque([0, 0, 0, 0, 0, 0, 0, 0], maxlen=8)
0.7071067811865476, 0, 8, 0, 8
deque([0, 0, 0, 0, 0, 0, 0, 0], maxlen=8)
0.7071067811865476, 0, 8, 0, 8
deque([0, 0, 0, 0, 0, 0, 0, 0], maxlen=8)
0.7071067811865476, 0, 8, 0, 8
deque([0, 0, 0, 0, 0, 0, 0, 0], maxlen=8)
0.7071067811865476, 0, 8, 0, 8
deque([0, 0, 0, 0, 0, 0, 0, 0], maxlen=8)
0.7071067811865476, 0, 8, 0, 8
deque([0, 0, 0, 0, 0, 0, 0, 0], maxlen=8)
0.7071067811865476, 0, 8, 1, 9
deque([0, 0, 0, 0, 0, 0, 0, 0], maxlen=8)
0.5, 1, 8, 1, 10
deque([0, 0, 0, 0, 0, 0, 0, 1], maxlen=8)
0.5, 2, 8, 1, 11
deque([0, 0, 0, 0, 0, 0, 1, 1], maxlen=8)
0.5, 3, 8, 1, 12
deque([0, 0, 0, 0, 0, 1, 1, 1], maxlen=8)
0.5, 4, 8, 1, 13
deque([0, 0, 0, 0, 1, 1, 1, 1], maxlen=8)
0.5, 5, 8, 1, 14
deque([0, 0, 0, 1, 1, 1, 1, 1], maxlen=8)
0.5, 6, 8, 1, 15
deque([0, 0, 1, 1, 1, 1, 1, 1], maxlen=8)
0.5, 7, 8, 1, 16
deque([0, 1, 1, 1, 1, 1, 1, 1], maxlen=8)
0.5, 8, 8, 0, 16
deque([1, 1, 1, 1, 1, 1, 1, 1], maxlen=8)
0.5, 8, 8, 0, 16
deque([1, 1, 1, 1, 1, 1, 1, 1], maxlen=8)
0.5, 8, 8, 0, 16
deque([1, 1, 1, 1, 1, 1, 1, 1], maxlen=8)
0.5, 8, 8, 0, 16
deque([1, 1, 1, 1, 1, 1, 1, 1], maxlen=8)
0.5333333333333333, 8, 7, 0, 15
deque([1, 1, 1, 1, 1, 1, 1, 1], maxlen=8)
0.5714285714285714, 8, 6, 0, 14
deque([1, 1, 1, 1, 1, 1, 1, 1], maxlen=8)
0.5714285714285714, 8, 5, 1, 14
deque([1, 1, 1, 1, 1, 1, 1, 1], maxlen=8)
0.5714285714285714, 8, 4, 2, 14
deque([1, 1, 1, 1, 1, 1, 1, 1], maxlen=8)
0.5714285714285714, 8, 3, 3, 14
deque([1, 1, 1, 1, 1, 1, 1, 1], maxlen=8)
0.5714285714285714, 8, 2, 4, 14
deque([1, 1, 1, 1, 1, 1, 1, 1], maxlen=8)
0.5714285714285714, 8, 1, 5, 14
deque([1, 1, 1, 1, 1, 1, 1, 1], maxlen=8)
0.5714285714285714, 8, 0, 6, 14
deque([1, 1, 1, 1, 1, 1, 1, 1], maxlen=8)
0.5333333333333333, 8, 0, 7, 15
deque([1, 1, 1, 1, 1, 1, 1, 1], maxlen=8)
0.5, 8, 0, 8, 16
deque([1, 1, 1, 1, 1, 1, 1, 1], maxlen=8)
0.5, 8, 0, 8, 16
deque([1, 1, 1, 1, 1, 1, 1, 1], maxlen=8)
0.5, 8, 0, 8, 16
deque([1, 1, 1, 1, 1, 1, 1, 1], maxlen=8)
0.5, 8, 0, 8, 16
deque([1, 1, 1, 1, 1, 1, 1, 1], maxlen=8)
0.5, 8, 0, 8, 16
deque([1, 1, 1, 1, 1, 1, 1, 1], maxlen=8)
0.5, 8, 0, 8, 16
deque([1, 1, 1, 1, 1, 1, 1, 1], maxlen=8)
0.5, 8, 0, 8, 16
deque([1, 1, 1, 1, 1, 1, 1, 1], maxlen=8)
0.5, 8, 0, 8, 16
deque([1, 1, 1, 1, 1, 1, 1, 1], maxlen=8)
0.5, 8, 0, 8, 16
deque([1, 1, 1, 1, 1, 1, 1, 1], maxlen=8)
0.5, 8, 0, 8, 16
deque([1, 1, 1, 1, 1, 1, 1, 1], maxlen=8)
0.5, 8, 0, 8, 16
deque([1, 1, 1, 1, 1, 1, 1, 1], maxlen=8)
0.5, 8, 0, 8, 16
deque([1, 1, 1, 1, 1, 1, 1, 1], maxlen=8)
0.5, 8, 0, 8, 16
deque([1, 1, 1, 1, 1, 1, 1, 1], maxlen=8)
0.5, 8, 0, 8, 16
deque([1, 1, 1, 1, 1, 1, 1, 1], maxlen=8)
0.5, 8, 0, 8, 16
deque([1, 1, 1, 1, 1, 1, 1, 1], maxlen=8)
0.5, 7, 1, 8, 16
deque([1, 1, 1, 1, 1, 1, 1, 0], maxlen=8)
0.5, 6, 2, 8, 16
deque([1, 1, 1, 1, 1, 1, 0, 0], maxlen=8)
0.5, 5, 2, 8, 15
deque([1, 1, 1, 1, 1, 0, 0, 0], maxlen=8)
0.5, 4, 2, 8, 14
deque([1, 1, 1, 1, 0, 0, 0, 0], maxlen=8)
0.5, 3, 2, 8, 13
deque([1, 1, 1, 0, 0, 0, 0, 0], maxlen=8)
0.5, 2, 2, 8, 12
deque([1, 1, 0, 0, 0, 0, 0, 0], maxlen=8)
0.5, 1, 2, 8, 11
deque([1, 0, 0, 0, 0, 0, 0, 0], maxlen=8)
0.5, 0, 2, 8, 10
deque([0, 0, 0, 0, 0, 0, 0, 0], maxlen=8)
0.7071067811865476, 0, 1, 8, 9
deque([0, 0, 0, 0, 0, 0, 0, 0], maxlen=8)
0.7071067811865476, 1, 0, 7, 8
deque([0, 0, 0, 0, 0, 0, 0, 1], maxlen=8)
0.7071067811865476, 2, 0, 6, 8
deque([0, 0, 0, 0, 0, 0, 1, 1], maxlen=8)
0.7071067811865476, 3, 0, 5, 8
deque([0, 0, 0, 0, 0, 1, 1, 1], maxlen=8)
0.7071067811865476, 4, 0, 4, 8
deque([0, 0, 0, 0, 1, 1, 1, 1], maxlen=8)
0.7905694150420949, 5, 0, 3, 8
deque([0, 0, 0, 1, 1, 1, 1, 1], maxlen=8)
0.8660254037844386, 6, 0, 2, 8
deque([0, 0, 1, 1, 1, 1, 1, 1], maxlen=8)
0.9354143466934853, 7, 0, 1, 8
deque([0, 1, 1, 1, 1, 1, 1, 1], maxlen=8)
1.0, 8, 0, 0, 8
deque([1, 1, 1, 1, 1, 1, 1, 1], maxlen=8)
1.0, 8, 0, 0, 8
deque([1, 1, 1, 1, 1, 1, 1, 1], maxlen=8)
1.0, 8, 0, 0, 8
deque([1, 1, 1, 1, 1, 1, 1, 1], maxlen=8)
1.0, 8, 0, 0, 8
deque([1, 1, 1, 1, 1, 1, 1, 1], maxlen=8)
1.0, 8, 0, 0, 8
deque([1, 1, 1, 1, 1, 1, 1, 1], maxlen=8)
1.0, 8, 0, 0, 8
deque([1, 1, 1, 1, 1, 1, 1, 1], maxlen=8)
0.9428090415820634, 8, 0, 1, 9
deque([1, 1, 1, 1, 1, 1, 1, 1], maxlen=8)
0.8, 8, 0, 2, 10
deque([1, 1, 1, 1, 1, 1, 1, 1], maxlen=8)
0.7272727272727273, 8, 0, 3, 11
deque([1, 1, 1, 1, 1, 1, 1, 1], maxlen=8)
0.75, 9, 0, 3, 12
deque([1, 1, 1, 1, 1, 1, 1, 2], maxlen=8)
0.7692307692307693, 10, 0, 3, 13
deque([1, 1, 1, 1, 1, 1, 2, 2], maxlen=8)
0.7857142857142857, 11, 0, 3, 14
deque([1, 1, 1, 1, 1, 2, 2, 2], maxlen=8)
0.8, 12, 0, 3, 15
deque([1, 1, 1, 1, 2, 2, 2, 2], maxlen=8)
0.8125, 13, 0, 3, 16
deque([1, 1, 1, 2, 2, 2, 2, 2], maxlen=8)
0.875, 14, 0, 2, 16
deque([1, 1, 2, 2, 2, 2, 2, 2], maxlen=8)
0.9375, 15, 0, 1, 16
deque([1, 2, 2, 2, 2, 2, 2, 2], maxlen=8)
1.0, 16, 0, 0, 16
deque([2, 2, 2, 2, 2, 2, 2, 2], maxlen=8)
1.0, 16, 0, 0, 16
deque([2, 2, 2, 2, 2, 2, 2, 2], maxlen=8)
1.0, 16, 0, 0, 16
deque([2, 2, 2, 2, 2, 2, 2, 2], maxlen=8)
1.0, 16, 0, 0, 16
deque([2, 2, 2, 2, 2, 2, 2, 2], maxlen=8)
1.0, 16, 0, 0, 16
deque([2, 2, 2, 2, 2, 2, 2, 2], maxlen=8)
1.0, 16, 0, 0, 16
deque([2, 2, 2, 2, 2, 2, 2, 2], maxlen=8)
1.0, 16, 0, 0, 16
deque([2, 2, 2, 2, 2, 2, 2, 2], maxlen=8)
1.0, 16, 0, 0, 16
deque([2, 2, 2, 2, 2, 2, 2, 2], maxlen=8)
1.0, 16, 0, 0, 16
deque([2, 2, 2, 2, 2, 2, 2, 2], maxlen=8)
1.0, 16, 0, 0, 16
deque([2, 2, 2, 2, 2, 2, 2, 2], maxlen=8)
0.9411764705882353, 16, 1, 0, 17
deque([2, 2, 2, 2, 2, 2, 2, 2], maxlen=8)
0.9411764705882353, 16, 1, 0, 17
deque([2, 2, 2, 2, 2, 2, 2, 2], maxlen=8)
0.9411764705882353, 16, 1, 0, 17
deque([2, 2, 2, 2, 2, 2, 2, 2], maxlen=8)
0.9411764705882353, 16, 1, 0, 17
deque([2, 2, 2, 2, 2, 2, 2, 2], maxlen=8)
0.9411764705882353, 16, 1, 0, 17
deque([2, 2, 2, 2, 2, 2, 2, 2], maxlen=8)
0.9411764705882353, 16, 1, 0, 17
deque([2, 2, 2, 2, 2, 2, 2, 2], maxlen=8)
0.9411764705882353, 16, 1, 0, 17
deque([2, 2, 2, 2, 2, 2, 2, 2], maxlen=8)
0.9411764705882353, 16, 1, 0, 17
deque([2, 2, 2, 2, 2, 2, 2, 2], maxlen=8)
1.0, 16, 0, 0, 16
deque([2, 2, 2, 2, 2, 2, 2, 2], maxlen=8)
1.0, 16, 0, 0, 16
deque([2, 2, 2, 2, 2, 2, 2, 2], maxlen=8)
1.0, 16, 0, 0, 16
deque([2, 2, 2, 2, 2, 2, 2, 2], maxlen=8)
1.0, 16, 0, 0, 16
deque([2, 2, 2, 2, 2, 2, 2, 2], maxlen=8)
1.0, 16, 0, 0, 16
deque([2, 2, 2, 2, 2, 2, 2, 2], maxlen=8)
1.0, 16, 0, 0, 16
deque([2, 2, 2, 2, 2, 2, 2, 2], maxlen=8)
0.9375, 15, 0, 1, 16
deque([2, 2, 2, 2, 2, 2, 2, 1], maxlen=8)
0.875, 14, 0, 2, 16
deque([2, 2, 2, 2, 2, 2, 1, 1], maxlen=8)
0.8125, 13, 0, 3, 16
deque([2, 2, 2, 2, 2, 1, 1, 1], maxlen=8)
0.75, 12, 0, 4, 16
deque([2, 2, 2, 2, 1, 1, 1, 1], maxlen=8)
0.6875, 11, 0, 5, 16
deque([2, 2, 2, 1, 1, 1, 1, 1], maxlen=8)
0.625, 10, 0, 6, 16
deque([2, 2, 1, 1, 1, 1, 1, 1], maxlen=8)
0.5625, 9, 0, 7, 16
deque([2, 1, 1, 1, 1, 1, 1, 1], maxlen=8)
0.5, 8, 0, 8, 16
deque([1, 1, 1, 1, 1, 1, 1, 1], maxlen=8)
0.5, 8, 0, 8, 16
deque([1, 1, 1, 1, 1, 1, 1, 1], maxlen=8)
0.5, 8, 0, 8, 16
deque([1, 1, 1, 1, 1, 1, 1, 1], maxlen=8)
0.5, 7, 0, 9, 16
deque([1, 1, 1, 1, 1, 1, 1, 0], maxlen=8)
0.5, 6, 0, 10, 16
deque([1, 1, 1, 1, 1, 1, 0, 0], maxlen=8)
0.5, 5, 0, 11, 16
deque([1, 1, 1, 1, 1, 0, 0, 0], maxlen=8)
0.5, 4, 0, 12, 16
deque([1, 1, 1, 1, 0, 0, 0, 0], maxlen=8)
0.5, 3, 0, 13, 16
deque([1, 1, 1, 0, 0, 0, 0, 0], maxlen=8)
0.5, 2, 0, 14, 16
deque([1, 1, 0, 0, 0, 0, 0, 0], maxlen=8)
0.5, 1, 0, 15, 16
deque([1, 0, 0, 0, 0, 0, 0, 0], maxlen=8)
0.5, 0, 0, 16, 16
deque([0, 0, 0, 0, 0, 0, 0, 0], maxlen=8)
0.5, 0, 0, 16, 16
deque([0, 0, 0, 0, 0, 0, 0, 0], maxlen=8)
0.5, 0, 0, 16, 16
deque([0, 0, 0, 0, 0, 0, 0, 0], maxlen=8)
0.5, 1, 0, 15, 16
deque([0, 0, 0, 0, 0, 0, 0, 1], maxlen=8)
0.5, 2, 0, 14, 16
deque([0, 0, 0, 0, 0, 0, 1, 1], maxlen=8)
0.5, 3, 0, 13, 16
deque([0, 0, 0, 0, 0, 1, 1, 1], maxlen=8)
0.5, 4, 0, 12, 16
deque([0, 0, 0, 0, 1, 1, 1, 1], maxlen=8)
0.5, 5, 0, 11, 16
deque([0, 0, 0, 1, 1, 1, 1, 1], maxlen=8)
0.5, 7, 0, 9, 16
deque([0, 0, 1, 1, 1, 1, 1, 2], maxlen=8)
0.5, 8, 1, 7, 16
deque([0, 1, 1, 1, 1, 1, 2, 1], maxlen=8)
0.5625, 9, 2, 5, 16
deque([1, 1, 1, 1, 1, 2, 1, 1], maxlen=8)
0.5625, 9, 3, 4, 16
deque([1, 1, 1, 1, 2, 1, 1, 1], maxlen=8)
0.5, 8, 4, 4, 16
deque([1, 1, 1, 2, 1, 1, 1, 0], maxlen=8)
0.5, 7, 5, 4, 16
deque([1, 1, 2, 1, 1, 1, 0, 0], maxlen=8)
0.5, 7, 6, 3, 16
deque([1, 2, 1, 1, 1, 0, 0, 1], maxlen=8)
0.5, 6, 7, 3, 16
deque([2, 1, 1, 1, 0, 0, 1, 0], maxlen=8)
0.5, 4, 8, 4, 16
deque([1, 1, 1, 0, 0, 1, 0, 0], maxlen=8)
0.5, 3, 8, 5, 16
deque([1, 1, 0, 0, 1, 0, 0, 0], maxlen=8)
0.5, 2, 8, 6, 16
deque([1, 0, 0, 1, 0, 0, 0, 0], maxlen=8)
0.5, 2, 7, 6, 15
deque([0, 0, 1, 0, 0, 0, 0, 1], maxlen=8)
0.5, 3, 6, 5, 14
deque([0, 1, 0, 0, 0, 0, 1, 1], maxlen=8)
0.5, 4, 5, 4, 13
deque([1, 0, 0, 0, 0, 1, 1, 1], maxlen=8)
0.5, 4, 4, 4, 12
deque([0, 0, 0, 0, 1, 1, 1, 1], maxlen=8)
0.5, 5, 3, 3, 11
deque([0, 0, 0, 1, 1, 1, 1, 1], maxlen=8)
0.6, 6, 2, 2, 10
deque([0, 0, 1, 1, 1, 1, 1, 1], maxlen=8)
0.8819171036881969, 7, 1, 1, 9
deque([0, 1, 1, 1, 1, 1, 1, 1], maxlen=8)
1.0, 8, 0, 0, 8
deque([1, 1, 1, 1, 1, 1, 1, 1], maxlen=8)
1.0, 8, 0, 0, 8
deque([1, 1, 1, 1, 1, 1, 1, 1], maxlen=8)
1.0, 8, 0, 0, 8
deque([1, 1, 1, 1, 1, 1, 1, 1], maxlen=8)
1.0, 8, 0, 0, 8
deque([1, 1, 1, 1, 1, 1, 1, 1], maxlen=8)
1.0, 8, 0, 0, 8
deque([1, 1, 1, 1, 1, 1, 1, 1], maxlen=8)
1.0, 8, 0, 0, 8
deque([1, 1, 1, 1, 1, 1, 1, 1], maxlen=8)
1.0, 8, 0, 0, 8
deque([1, 1, 1, 1, 1, 1, 1, 1], maxlen=8)
1.0, 8, 0, 0, 8
deque([1, 1, 1, 1, 1, 1, 1, 1], maxlen=8)
1.0, 8, 0, 0, 8
deque([1, 1, 1, 1, 1, 1, 1, 1], maxlen=8)
1.0, 8, 0, 0, 8
deque([1, 1, 1, 1, 1, 1, 1, 1], maxlen=8)
1.0, 8, 0, 0, 8
deque([1, 1, 1, 1, 1, 1, 1, 1], maxlen=8)
1.0, 8, 0, 0, 8
deque([1, 1, 1, 1, 1, 1, 1, 1], maxlen=8)
1.0, 8, 0, 0, 8
deque([1, 1, 1, 1, 1, 1, 1, 1], maxlen=8)
1.0, 8, 0, 0, 8
deque([1, 1, 1, 1, 1, 1, 1, 1], maxlen=8)
1.0, 8, 0, 0, 8
deque([1, 1, 1, 1, 1, 1, 1, 1], maxlen=8)
1.0, 8, 0, 0, 8
deque([1, 1, 1, 1, 1, 1, 1, 1], maxlen=8)
1.0, 8, 0, 0, 8
deque([1, 1, 1, 1, 1, 1, 1, 1], maxlen=8)
1.0, 8, 0, 0, 8
deque([1, 1, 1, 1, 1, 1, 1, 1], maxlen=8)
1.0, 8, 0, 0, 8
deque([1, 1, 1, 1, 1, 1, 1, 1], maxlen=8)
1.0, 8, 0, 0, 8
deque([1, 1, 1, 1, 1, 1, 1, 1], maxlen=8)
1.0, 8, 0, 0, 8
deque([1, 1, 1, 1, 1, 1, 1, 1], maxlen=8)
1.0, 8, 0, 0, 8
deque([1, 1, 1, 1, 1, 1, 1, 1], maxlen=8)
1.0, 8, 0, 0, 8
deque([1, 1, 1, 1, 1, 1, 1, 1], maxlen=8)
1.0, 8, 0, 0, 8
deque([1, 1, 1, 1, 1, 1, 1, 1], maxlen=8)
1.0, 8, 0, 0, 8
deque([1, 1, 1, 1, 1, 1, 1, 1], maxlen=8)
1.0, 8, 0, 0, 8
deque([1, 1, 1, 1, 1, 1, 1, 1], maxlen=8)
1.0, 8, 0, 0, 8
deque([1, 1, 1, 1, 1, 1, 1, 1], maxlen=8)
1.0, 8, 0, 0, 8
deque([1, 1, 1, 1, 1, 1, 1, 1], maxlen=8)
1.0, 8, 0, 0, 8
deque([1, 1, 1, 1, 1, 1, 1, 1], maxlen=8)
1.0, 8, 0, 0, 8
deque([1, 1, 1, 1, 1, 1, 1, 1], maxlen=8)
1.0, 8, 0, 0, 8
deque([1, 1, 1, 1, 1, 1, 1, 1], maxlen=8)
1.0, 8, 0, 0, 8
deque([1, 1, 1, 1, 1, 1, 1, 1], maxlen=8)
1.0, 8, 0, 0, 8
deque([1, 1, 1, 1, 1, 1, 1, 1], maxlen=8)
0.9354143466934853, 7, 0, 1, 8
deque([1, 1, 1, 1, 1, 1, 1, 0], maxlen=8)
0.8660254037844386, 6, 0, 2, 8
deque([1, 1, 1, 1, 1, 1, 0, 0], maxlen=8)
0.7905694150420949, 5, 0, 3, 8
deque([1, 1, 1, 1, 1, 0, 0, 0], maxlen=8)
0.7071067811865476, 4, 0, 4, 8
deque([1, 1, 1, 1, 0, 0, 0, 0], maxlen=8)
0.7071067811865476, 3, 0, 5, 8
deque([1, 1, 1, 0, 0, 0, 0, 0], maxlen=8)
0.7071067811865476, 2, 0, 6, 8
deque([1, 1, 0, 0, 0, 0, 0, 0], maxlen=8)
0.7071067811865476, 1, 0, 7, 8
deque([1, 0, 0, 0, 0, 0, 0, 0], maxlen=8)
0.7071067811865476, 0, 0, 8, 8
deque([0, 0, 0, 0, 0, 0, 0, 0], maxlen=8)
0.7071067811865476, 0, 0, 8, 8
deque([0, 0, 0, 0, 0, 0, 0, 0], maxlen=8)
0.7071067811865476, 0, 0, 9, 9
deque([0, 0, 0, 0, 0, 0, 0, 0], maxlen=8)
0.5, 0, 0, 10, 10
deque([0, 0, 0, 0, 0, 0, 0, 0], maxlen=8)
0.5, 0, 0, 11, 11
deque([0, 0, 0, 0, 0, 0, 0, 0], maxlen=8)
0.5, 0, 0, 12, 12
deque([0, 0, 0, 0, 0, 0, 0, 0], maxlen=8)
0.5, 0, 0, 13, 13
deque([0, 0, 0, 0, 0, 0, 0, 0], maxlen=8)
0.5, 0, 0, 14, 14
deque([0, 0, 0, 0, 0, 0, 0, 0], maxlen=8)
0.5, 0, 0, 15, 15
deque([0, 0, 0, 0, 0, 0, 0, 0], maxlen=8)
0.5, 0, 0, 16, 16
deque([0, 0, 0, 0, 0, 0, 0, 0], maxlen=8)
0.5, 0, 0, 16, 16
deque([0, 0, 0, 0, 0, 0, 0, 0], maxlen=8)
0.5, 0, 0, 16, 16
deque([0, 0, 0, 0, 0, 0, 0, 0], maxlen=8)
0.5, 0, 0, 16, 16
deque([0, 0, 0, 0, 0, 0, 0, 0], maxlen=8)
0.5, 1, 0, 15, 16
deque([0, 0, 0, 0, 0, 0, 0, 1], maxlen=8)
0.5, 2, 0, 14, 16
deque([0, 0, 0, 0, 0, 0, 1, 1], maxlen=8)
0.5, 3, 0, 13, 16
deque([0, 0, 0, 0, 0, 1, 1, 1], maxlen=8)
0.5, 4, 0, 12, 16
deque([0, 0, 0, 0, 1, 1, 1, 1], maxlen=8)
0.5, 4, 1, 11, 16
deque([0, 0, 0, 1, 1, 1, 1, 0], maxlen=8)
0.5, 4, 2, 10, 16
deque([0, 0, 1, 1, 1, 1, 0, 0], maxlen=8)
0.5, 4, 3, 9, 16
deque([0, 1, 1, 1, 1, 0, 0, 0], maxlen=8)
0.5, 4, 4, 8, 16
deque([1, 1, 1, 1, 0, 0, 0, 0], maxlen=8)
0.5, 4, 5, 7, 16
deque([1, 1, 1, 0, 0, 0, 0, 1], maxlen=8)
0.5, 4, 5, 6, 15
deque([1, 1, 0, 0, 0, 0, 1, 1], maxlen=8)
0.5, 4, 5, 5, 14
deque([1, 0, 0, 0, 0, 1, 1, 1], maxlen=8)
0.5, 4, 5, 4, 13
deque([0, 0, 0, 0, 1, 1, 1, 1], maxlen=8)
0.5, 4, 4, 4, 12
deque([0, 0, 0, 1, 1, 1, 1, 0], maxlen=8)
0.5, 4, 3, 4, 11
deque([0, 0, 1, 1, 1, 1, 0, 0], maxlen=8)
0.5, 4, 2, 5, 11
deque([0, 1, 1, 1, 1, 0, 0, 0], maxlen=8)
0.5, 4, 1, 6, 11
deque([1, 1, 1, 1, 0, 0, 0, 0], maxlen=8)
0.5, 3, 0, 8, 11
deque([1, 1, 1, 0, 0, 0, 0, 0], maxlen=8)
0.5, 3, 0, 9, 12
deque([1, 1, 0, 0, 0, 0, 0, 1], maxlen=8)
0.5, 3, 0, 10, 13
deque([1, 0, 0, 0, 0, 0, 1, 1], maxlen=8)
0.5, 3, 0, 11, 14
deque([0, 0, 0, 0, 0, 1, 1, 1], maxlen=8)
0.5, 4, 0, 11, 15
deque([0, 0, 0, 0, 1, 1, 1, 1], maxlen=8)
0.5, 5, 0, 11, 16
deque([0, 0, 0, 1, 1, 1, 1, 1], maxlen=8)
0.5, 6, 0, 10, 16
deque([0, 0, 1, 1, 1, 1, 1, 1], maxlen=8)
0.5, 7, 0, 9, 16
deque([0, 1, 1, 1, 1, 1, 1, 1], maxlen=8)
0.5, 8, 0, 8, 16
deque([1, 1, 1, 1, 1, 1, 1, 1], maxlen=8)
0.5, 8, 0, 8, 16
deque([1, 1, 1, 1, 1, 1, 1, 1], maxlen=8)
0.5, 8, 0, 8, 16
deque([1, 1, 1, 1, 1, 1, 1, 1], maxlen=8)
0.5, 8, 0, 8, 16
deque([1, 1, 1, 1, 1, 1, 1, 1], maxlen=8)
0.5, 8, 0, 8, 16
deque([1, 1, 1, 1, 1, 1, 1, 1], maxlen=8)
0.5, 8, 0, 8, 16
deque([1, 1, 1, 1, 1, 1, 1, 1], maxlen=8)
0.5, 8, 0, 8, 16
deque([1, 1, 1, 1, 1, 1, 1, 1], maxlen=8)
0.5625, 9, 0, 7, 16
deque([1, 1, 1, 1, 1, 1, 1, 2], maxlen=8)
0.625, 10, 0, 6, 16
deque([1, 1, 1, 1, 1, 1, 2, 2], maxlen=8)
0.6875, 11, 0, 5, 16
deque([1, 1, 1, 1, 1, 2, 2, 2], maxlen=8)
0.75, 12, 0, 4, 16
deque([1, 1, 1, 1, 2, 2, 2, 2], maxlen=8)
0.8125, 13, 0, 3, 16
deque([1, 1, 1, 2, 2, 2, 2, 2], maxlen=8)
0.875, 14, 0, 2, 16
deque([1, 1, 2, 2, 2, 2, 2, 2], maxlen=8)
0.9375, 15, 0, 1, 16
deque([1, 2, 2, 2, 2, 2, 2, 2], maxlen=8)
0.9375, 15, 1, 0, 16
deque([2, 2, 2, 2, 2, 2, 2, 1], maxlen=8)
0.875, 14, 2, 0, 16
deque([2, 2, 2, 2, 2, 2, 1, 1], maxlen=8)
0.8125, 13, 3, 0, 16
deque([2, 2, 2, 2, 2, 1, 1, 1], maxlen=8)
0.75, 12, 4, 0, 16
deque([2, 2, 2, 2, 1, 1, 1, 1], maxlen=8)
0.6875, 11, 5, 0, 16
deque([2, 2, 2, 1, 1, 1, 1, 1], maxlen=8)
0.625, 10, 6, 0, 16
deque([2, 2, 1, 1, 1, 1, 1, 1], maxlen=8)
0.5625, 9, 7, 0, 16
deque([2, 1, 1, 1, 1, 1, 1, 1], maxlen=8)
0.5, 8, 8, 0, 16
deque([1, 1, 1, 1, 1, 1, 1, 1], maxlen=8)
