Log started 01-05--$H$M0.8408964152537145, 0, 1, 0, 1
deque([0, 0, 0, 0, 0, 0, 0, 0], maxlen=8)0.8408964152537145, 0, 2, 0, 2
deque([0, 0, 0, 0, 0, 0, 0, 0], maxlen=8)0.8408964152537145, 0, 3, 0, 3
deque([0, 0, 0, 0, 0, 0, 0, 0], maxlen=8)0.8408964152537145, 0, 4, 0, 4
deque([0, 0, 0, 0, 0, 0, 0, 0], maxlen=8)0.7071067811865476, 0, 5, 0, 5
deque([0, 0, 0, 0, 0, 0, 0, 0], maxlen=8)0.7071067811865476, 0, 6, 0, 6
deque([0, 0, 0, 0, 0, 0, 0, 0], maxlen=8)0.7071067811865476, 0, 7, 0, 7
deque([0, 0, 0, 0, 0, 0, 0, 0], maxlen=8)0.7071067811865476, 0, 8, 0, 8
deque([0, 0, 0, 0, 0, 0, 0, 0], maxlen=8)0.7071067811865476, 0, 8, 0, 8
deque([0, 0, 0, 0, 0, 0, 0, 0], maxlen=8)0.7071067811865476, 0, 8, 0, 8
deque([0, 0, 0, 0, 0, 0, 0, 0], maxlen=8)0.7071067811865476, 0, 8, 0, 8
deque([0, 0, 0, 0, 0, 0, 0, 0], maxlen=8)0.7071067811865476, 0, 8, 0, 8
deque([0, 0, 0, 0, 0, 0, 0, 0], maxlen=8)0.7071067811865476, 0, 8, 0, 8
deque([0, 0, 0, 0, 0, 0, 0, 0], maxlen=8)0.7071067811865476, 0, 8, 0, 8
deque([0, 0, 0, 0, 0, 0, 0, 0], maxlen=8)0.7071067811865476, 0, 8, 0, 8
deque([0, 0, 0, 0, 0, 0, 0, 0], maxlen=8)0.7071067811865476, 0, 8, 0, 8
deque([0, 0, 0, 0, 0, 0, 0, 0], maxlen=8)0.7071067811865476, 0, 8, 0, 8
deque([0, 0, 0, 0, 0, 0, 0, 0], maxlen=8)0.7071067811865476, 0, 8, 0, 8
deque([0, 0, 0, 0, 0, 0, 0, 0], maxlen=8)0.7071067811865476, 0, 8, 0, 8
deque([0, 0, 0, 0, 0, 0, 0, 0], maxlen=8)0.7071067811865476, 0, 8, 0, 8
deque([0, 0, 0, 0, 0, 0, 0, 0], maxlen=8)0.7071067811865476, 0, 8, 0, 8
deque([0, 0, 0, 0, 0, 0, 0, 0], maxlen=8)0.7071067811865476, 0, 8, 0, 8
deque([0, 0, 0, 0, 0, 0, 0, 0], maxlen=8)0.7071067811865476, 0, 8, 0, 8
deque([0, 0, 0, 0, 0, 0, 0, 0], maxlen=8)0.7071067811865476, 0, 8, 0, 8
deque([0, 0, 0, 0, 0, 0, 0, 0], maxlen=8)0.7071067811865476, 0, 8, 0, 8
deque([0, 0, 0, 0, 0, 0, 0, 0], maxlen=8)0.7071067811865476, 0, 8, 0, 8
deque([0, 0, 0, 0, 0, 0, 0, 0], maxlen=8)0.7071067811865476, 0, 8, 0, 8
deque([0, 0, 0, 0, 0, 0, 0, 0], maxlen=8)0.7071067811865476, 0, 8, 0, 8
deque([0, 0, 0, 0, 0, 0, 0, 0], maxlen=8)0.7071067811865476, 0, 8, 0, 8
deque([0, 0, 0, 0, 0, 0, 0, 0], maxlen=8)0.7071067811865476, 0, 8, 0, 8
deque([0, 0, 0, 0, 0, 0, 0, 0], maxlen=8)0.7071067811865476, 0, 8, 0, 8
deque([0, 0, 0, 0, 0, 0, 0, 0], maxlen=8)0.7071067811865476, 0, 8, 0, 8
deque([0, 0, 0, 0, 0, 0, 0, 0], maxlen=8)0.7071067811865476, 0, 8, 0, 8
deque([0, 0, 0, 0, 0, 0, 0, 0], maxlen=8)0.7071067811865476, 0, 8, 0, 8
deque([0, 0, 0, 0, 0, 0, 0, 0], maxlen=8)0.7071067811865476, 0, 8, 0, 8
deque([0, 0, 0, 0, 0, 0, 0, 0], maxlen=8)0.7071067811865476, 0, 8, 0, 8
deque([0, 0, 0, 0, 0, 0, 0, 0], maxlen=8)0.7071067811865476, 0, 8, 1, 9
deque([0, 0, 0, 0, 0, 0, 0, 0], maxlen=8)0.5, 0, 8, 2, 10
deque([0, 0, 0, 0, 0, 0, 0, 0], maxlen=8)0.5, 0, 8, 3, 11
deque([0, 0, 0, 0, 0, 0, 0, 0], maxlen=8)0.5, 0, 8, 4, 12
deque([0, 0, 0, 0, 0, 0, 0, 0], maxlen=8)0.5, 0, 8, 5, 13
deque([0, 0, 0, 0, 0, 0, 0, 0], maxlen=8)0.5, 0, 8, 6, 14
deque([0, 0, 0, 0, 0, 0, 0, 0], maxlen=8)0.5, 0, 8, 7, 15
deque([0, 0, 0, 0, 0, 0, 0, 0], maxlen=8)0.5, 0, 8, 8, 16
deque([0, 0, 0, 0, 0, 0, 0, 0], maxlen=8)0.5, 0, 8, 8, 16
deque([0, 0, 0, 0, 0, 0, 0, 0], maxlen=8)0.5, 0, 8, 8, 16
deque([0, 0, 0, 0, 0, 0, 0, 0], maxlen=8)0.5, 0, 8, 8, 16
deque([0, 0, 0, 0, 0, 0, 0, 0], maxlen=8)0.5, 0, 8, 8, 16
deque([0, 0, 0, 0, 0, 0, 0, 0], maxlen=8)0.5, 0, 8, 8, 16
deque([0, 0, 0, 0, 0, 0, 0, 0], maxlen=8)0.5, 0, 8, 8, 16
deque([0, 0, 0, 0, 0, 0, 0, 0], maxlen=8)0.5, 0, 8, 8, 16
deque([0, 0, 0, 0, 0, 0, 0, 0], maxlen=8)0.5, 0, 8, 8, 16
deque([0, 0, 0, 0, 0, 0, 0, 0], maxlen=8)0.5, 0, 8, 7, 15
deque([0, 0, 0, 0, 0, 0, 0, 0], maxlen=8)0.5, 0, 8, 6, 14
deque([0, 0, 0, 0, 0, 0, 0, 0], maxlen=8)0.5, 0, 8, 5, 13
deque([0, 0, 0, 0, 0, 0, 0, 0], maxlen=8)0.5, 0, 8, 4, 12
deque([0, 0, 0, 0, 0, 0, 0, 0], maxlen=8)0.5, 0, 8, 3, 11
deque([0, 0, 0, 0, 0, 0, 0, 0], maxlen=8)0.5, 0, 8, 2, 10
deque([0, 0, 0, 0, 0, 0, 0, 0], maxlen=8)0.7071067811865476, 0, 8, 1, 9
deque([0, 0, 0, 0, 0, 0, 0, 0], maxlen=8)0.7071067811865476, 0, 8, 0, 8
deque([0, 0, 0, 0, 0, 0, 0, 0], maxlen=8)0.7071067811865476, 0, 8, 1, 9
deque([0, 0, 0, 0, 0, 0, 0, 0], maxlen=8)0.5, 0, 8, 2, 10
deque([0, 0, 0, 0, 0, 0, 0, 0], maxlen=8)0.5, 0, 8, 3, 11
deque([0, 0, 0, 0, 0, 0, 0, 0], maxlen=8)0.5, 0, 8, 4, 12
deque([0, 0, 0, 0, 0, 0, 0, 0], maxlen=8)0.5, 0, 8, 5, 13
deque([0, 0, 0, 0, 0, 0, 0, 0], maxlen=8)0.5, 0, 8, 6, 14
deque([0, 0, 0, 0, 0, 0, 0, 0], maxlen=8)0.5, 0, 8, 7, 15
deque([0, 0, 0, 0, 0, 0, 0, 0], maxlen=8)0.5, 0, 8, 8, 16
deque([0, 0, 0, 0, 0, 0, 0, 0], maxlen=8)0.5, 0, 8, 8, 16
deque([0, 0, 0, 0, 0, 0, 0, 0], maxlen=8)0.5, 0, 8, 8, 16
deque([0, 0, 0, 0, 0, 0, 0, 0], maxlen=8)0.5, 0, 8, 8, 16
deque([0, 0, 0, 0, 0, 0, 0, 0], maxlen=8)0.5, 0, 8, 8, 16
deque([0, 0, 0, 0, 0, 0, 0, 0], maxlen=8)0.5, 0, 8, 8, 16
deque([0, 0, 0, 0, 0, 0, 0, 0], maxlen=8)0.5, 0, 8, 8, 16
deque([0, 0, 0, 0, 0, 0, 0, 0], maxlen=8)0.5, 0, 8, 8, 16
deque([0, 0, 0, 0, 0, 0, 0, 0], maxlen=8)0.5, 0, 8, 8, 16
deque([0, 0, 0, 0, 0, 0, 0, 0], maxlen=8)0.5, 0, 8, 8, 16
deque([0, 0, 0, 0, 0, 0, 0, 0], maxlen=8)0.5, 0, 8, 8, 16
deque([0, 0, 0, 0, 0, 0, 0, 0], maxlen=8)0.5, 0, 8, 8, 16
deque([0, 0, 0, 0, 0, 0, 0, 0], maxlen=8)0.5, 0, 8, 8, 16
deque([0, 0, 0, 0, 0, 0, 0, 0], maxlen=8)0.5, 0, 8, 8, 16
deque([0, 0, 0, 0, 0, 0, 0, 0], maxlen=8)0.5, 0, 8, 8, 16
deque([0, 0, 0, 0, 0, 0, 0, 0], maxlen=8)0.5, 0, 8, 8, 16
deque([0, 0, 0, 0, 0, 0, 0, 0], maxlen=8)0.5, 0, 8, 8, 16
deque([0, 0, 0, 0, 0, 0, 0, 0], maxlen=8)0.5, 0, 8, 8, 16
deque([0, 0, 0, 0, 0, 0, 0, 0], maxlen=8)0.5, 0, 8, 8, 16
deque([0, 0, 0, 0, 0, 0, 0, 0], maxlen=8)0.5, 0, 8, 8, 16
deque([0, 0, 0, 0, 0, 0, 0, 0], maxlen=8)0.5, 0, 8, 8, 16
deque([0, 0, 0, 0, 0, 0, 0, 0], maxlen=8)0.5, 0, 8, 8, 16
deque([0, 0, 0, 0, 0, 0, 0, 0], maxlen=8)0.5, 0, 8, 8, 16
deque([0, 0, 0, 0, 0, 0, 0, 0], maxlen=8)0.5, 0, 8, 8, 16
deque([0, 0, 0, 0, 0, 0, 0, 0], maxlen=8)0.5, 0, 8, 8, 16
deque([0, 0, 0, 0, 0, 0, 0, 0], maxlen=8)0.5, 0, 8, 8, 16
deque([0, 0, 0, 0, 0, 0, 0, 0], maxlen=8)0.5, 0, 8, 8, 16
deque([0, 0, 0, 0, 0, 0, 0, 0], maxlen=8)0.5, 0, 8, 8, 16
deque([0, 0, 0, 0, 0, 0, 0, 0], maxlen=8)0.5, 0, 8, 8, 16
deque([0, 0, 0, 0, 0, 0, 0, 0], maxlen=8)0.5, 0, 8, 8, 16
deque([0, 0, 0, 0, 0, 0, 0, 0], maxlen=8)0.5, 0, 8, 8, 16
deque([0, 0, 0, 0, 0, 0, 0, 0], maxlen=8)0.5, 0, 8, 8, 16
deque([0, 0, 0, 0, 0, 0, 0, 0], maxlen=8)0.5, 0, 8, 8, 16
deque([0, 0, 0, 0, 0, 0, 0, 0], maxlen=8)0.5, 0, 8, 8, 16
deque([0, 0, 0, 0, 0, 0, 0, 0], maxlen=8)0.5, 0, 8, 7, 15
deque([0, 0, 0, 0, 0, 0, 0, 0], maxlen=8)0.5, 0, 8, 6, 14
deque([0, 0, 0, 0, 0, 0, 0, 0], maxlen=8)0.5, 0, 8, 5, 13
deque([0, 0, 0, 0, 0, 0, 0, 0], maxlen=8)0.5, 0, 8, 4, 12
deque([0, 0, 0, 0, 0, 0, 0, 0], maxlen=8)0.5, 0, 8, 3, 11
deque([0, 0, 0, 0, 0, 0, 0, 0], maxlen=8)0.5, 0, 8, 2, 10
deque([0, 0, 0, 0, 0, 0, 0, 0], maxlen=8)0.7071067811865476, 0, 8, 1, 9
deque([0, 0, 0, 0, 0, 0, 0, 0], maxlen=8)0.7071067811865476, 0, 8, 0, 8
deque([0, 0, 0, 0, 0, 0, 0, 0], maxlen=8)0.7071067811865476, 0, 8, 0, 8
deque([0, 0, 0, 0, 0, 0, 0, 0], maxlen=8)0.7071067811865476, 0, 8, 0, 8
deque([0, 0, 0, 0, 0, 0, 0, 0], maxlen=8)0.7071067811865476, 0, 8, 0, 8
deque([0, 0, 0, 0, 0, 0, 0, 0], maxlen=8)0.7071067811865476, 0, 8, 0, 8
deque([0, 0, 0, 0, 0, 0, 0, 0], maxlen=8)0.7071067811865476, 0, 8, 0, 8
deque([0, 0, 0, 0, 0, 0, 0, 0], maxlen=8)0.7071067811865476, 0, 8, 0, 8
deque([0, 0, 0, 0, 0, 0, 0, 0], maxlen=8)0.7071067811865476, 0, 8, 0, 8
deque([0, 0, 0, 0, 0, 0, 0, 0], maxlen=8)0.7071067811865476, 0, 8, 0, 8
deque([0, 0, 0, 0, 0, 0, 0, 0], maxlen=8)0.7071067811865476, 0, 8, 0, 8
deque([0, 0, 0, 0, 0, 0, 0, 0], maxlen=8)0.7071067811865476, 0, 8, 0, 8
deque([0, 0, 0, 0, 0, 0, 0, 0], maxlen=8)0.7071067811865476, 0, 8, 1, 9
deque([0, 0, 0, 0, 0, 0, 0, 0], maxlen=8)0.5, 0, 8, 2, 10
deque([0, 0, 0, 0, 0, 0, 0, 0], maxlen=8)0.5, 0, 8, 3, 11
deque([0, 0, 0, 0, 0, 0, 0, 0], maxlen=8)0.5, 0, 8, 4, 12
deque([0, 0, 0, 0, 0, 0, 0, 0], maxlen=8)0.5, 0, 8, 5, 13
deque([0, 0, 0, 0, 0, 0, 0, 0], maxlen=8)0.5, 0, 8, 6, 14
deque([0, 0, 0, 0, 0, 0, 0, 0], maxlen=8)0.5, 0, 8, 7, 15
deque([0, 0, 0, 0, 0, 0, 0, 0], maxlen=8)0.5, 0, 8, 8, 16
deque([0, 0, 0, 0, 0, 0, 0, 0], maxlen=8)0.5, 0, 8, 8, 16
deque([0, 0, 0, 0, 0, 0, 0, 0], maxlen=8)0.5, 0, 8, 8, 16
deque([0, 0, 0, 0, 0, 0, 0, 0], maxlen=8)0.5, 0, 8, 8, 16
deque([0, 0, 0, 0, 0, 0, 0, 0], maxlen=8)0.5, 0, 8, 8, 16
deque([0, 0, 0, 0, 0, 0, 0, 0], maxlen=8)0.5, 0, 8, 8, 16
deque([0, 0, 0, 0, 0, 0, 0, 0], maxlen=8)0.5, 0, 8, 8, 16
deque([0, 0, 0, 0, 0, 0, 0, 0], maxlen=8)0.5, 1, 7, 8, 16
deque([0, 0, 0, 0, 0, 0, 0, 1], maxlen=8)0.5, 2, 6, 8, 16
deque([0, 0, 0, 0, 0, 0, 1, 1], maxlen=8)0.5, 3, 5, 8, 16
deque([0, 0, 0, 0, 0, 1, 1, 1], maxlen=8)0.5, 4, 4, 8, 16
deque([0, 0, 0, 0, 1, 1, 1, 1], maxlen=8)0.5, 5, 3, 8, 16
deque([0, 0, 0, 1, 1, 1, 1, 1], maxlen=8)0.5, 6, 2, 8, 16
deque([0, 0, 1, 1, 1, 1, 1, 1], maxlen=8)0.5, 7, 1, 8, 16
deque([0, 1, 1, 1, 1, 1, 1, 1], maxlen=8)0.5, 8, 0, 8, 16
deque([1, 1, 1, 1, 1, 1, 1, 1], maxlen=8)0.5, 8, 0, 8, 16
deque([1, 1, 1, 1, 1, 1, 1, 1], maxlen=8)0.5, 8, 0, 8, 16
deque([1, 1, 1, 1, 1, 1, 1, 1], maxlen=8)0.5, 8, 0, 8, 16
deque([1, 1, 1, 1, 1, 1, 1, 1], maxlen=8)0.5, 8, 0, 8, 16
deque([1, 1, 1, 1, 1, 1, 1, 1], maxlen=8)0.5, 8, 0, 8, 16
deque([1, 1, 1, 1, 1, 1, 1, 1], maxlen=8)0.5, 8, 0, 8, 16
deque([1, 1, 1, 1, 1, 1, 1, 1], maxlen=8)0.5, 8, 0, 8, 16
deque([1, 1, 1, 1, 1, 1, 1, 1], maxlen=8)0.5, 8, 0, 8, 16
deque([1, 1, 1, 1, 1, 1, 1, 1], maxlen=8)0.5, 8, 0, 8, 16
deque([1, 1, 1, 1, 1, 1, 1, 1], maxlen=8)0.5, 8, 0, 8, 16
deque([1, 1, 1, 1, 1, 1, 1, 1], maxlen=8)0.5, 8, 0, 8, 16
deque([1, 1, 1, 1, 1, 1, 1, 1], maxlen=8)0.5, 8, 0, 8, 16
deque([1, 1, 1, 1, 1, 1, 1, 1], maxlen=8)0.5, 8, 0, 8, 16
deque([1, 1, 1, 1, 1, 1, 1, 1], maxlen=8)0.5, 8, 0, 8, 16
deque([1, 1, 1, 1, 1, 1, 1, 1], maxlen=8)0.5333333333333333, 8, 0, 7, 15
deque([1, 1, 1, 1, 1, 1, 1, 1], maxlen=8)0.5714285714285714, 8, 0, 6, 14
deque([1, 1, 1, 1, 1, 1, 1, 1], maxlen=8)0.6153846153846154, 8, 0, 5, 13
deque([1, 1, 1, 1, 1, 1, 1, 1], maxlen=8)0.6666666666666666, 8, 0, 4, 12
deque([1, 1, 1, 1, 1, 1, 1, 1], maxlen=8)0.7272727272727273, 8, 0, 3, 11
deque([1, 1, 1, 1, 1, 1, 1, 1], maxlen=8)0.8, 8, 0, 2, 10
deque([1, 1, 1, 1, 1, 1, 1, 1], maxlen=8)0.9428090415820634, 8, 0, 1, 9
deque([1, 1, 1, 1, 1, 1, 1, 1], maxlen=8)1.0, 8, 0, 0, 8
deque([1, 1, 1, 1, 1, 1, 1, 1], maxlen=8)1.0, 8, 0, 0, 8
deque([1, 1, 1, 1, 1, 1, 1, 1], maxlen=8)1.0, 8, 0, 0, 8
deque([1, 1, 1, 1, 1, 1, 1, 1], maxlen=8)1.0, 8, 0, 0, 8
deque([1, 1, 1, 1, 1, 1, 1, 1], maxlen=8)1.0, 8, 0, 0, 8
deque([1, 1, 1, 1, 1, 1, 1, 1], maxlen=8)1.0, 8, 0, 0, 8
deque([1, 1, 1, 1, 1, 1, 1, 1], maxlen=8)1.0, 8, 0, 0, 8
deque([1, 1, 1, 1, 1, 1, 1, 1], maxlen=8)1.0, 8, 0, 0, 8
deque([1, 1, 1, 1, 1, 1, 1, 1], maxlen=8)1.0, 8, 0, 0, 8
deque([1, 1, 1, 1, 1, 1, 1, 1], maxlen=8)1.0, 8, 0, 0, 8
deque([1, 1, 1, 1, 1, 1, 1, 1], maxlen=8)1.0, 8, 0, 0, 8
deque([1, 1, 1, 1, 1, 1, 1, 1], maxlen=8)1.0, 8, 0, 0, 8
deque([1, 1, 1, 1, 1, 1, 1, 1], maxlen=8)1.0, 8, 0, 0, 8
deque([1, 1, 1, 1, 1, 1, 1, 1], maxlen=8)1.0, 8, 0, 0, 8
deque([1, 1, 1, 1, 1, 1, 1, 1], maxlen=8)1.0, 8, 0, 0, 8
deque([1, 1, 1, 1, 1, 1, 1, 1], maxlen=8)0.9428090415820634, 8, 0, 1, 9
deque([1, 1, 1, 1, 1, 1, 1, 1], maxlen=8)0.8, 8, 0, 2, 10
deque([1, 1, 1, 1, 1, 1, 1, 1], maxlen=8)0.7272727272727273, 8, 0, 3, 11
deque([1, 1, 1, 1, 1, 1, 1, 1], maxlen=8)0.6666666666666666, 8, 0, 4, 12
deque([1, 1, 1, 1, 1, 1, 1, 1], maxlen=8)0.6153846153846154, 8, 0, 5, 13
deque([1, 1, 1, 1, 1, 1, 1, 1], maxlen=8)0.5714285714285714, 8, 0, 6, 14
deque([1, 1, 1, 1, 1, 1, 1, 1], maxlen=8)0.5333333333333333, 8, 0, 7, 15
deque([1, 1, 1, 1, 1, 1, 1, 1], maxlen=8)0.5, 8, 0, 8, 16
deque([1, 1, 1, 1, 1, 1, 1, 1], maxlen=8)0.5, 8, 0, 8, 16
deque([1, 1, 1, 1, 1, 1, 1, 1], maxlen=8)0.5, 8, 0, 8, 16
deque([1, 1, 1, 1, 1, 1, 1, 1], maxlen=8)0.5, 8, 0, 8, 16
deque([1, 1, 1, 1, 1, 1, 1, 1], maxlen=8)0.5, 8, 0, 8, 16
deque([1, 1, 1, 1, 1, 1, 1, 1], maxlen=8)0.5, 8, 0, 8, 16
deque([1, 1, 1, 1, 1, 1, 1, 1], maxlen=8)0.5, 8, 0, 8, 16
deque([1, 1, 1, 1, 1, 1, 1, 1], maxlen=8)0.5, 8, 0, 8, 16
deque([1, 1, 1, 1, 1, 1, 1, 1], maxlen=8)0.5, 8, 0, 8, 16
deque([1, 1, 1, 1, 1, 1, 1, 1], maxlen=8)0.5, 8, 0, 8, 16
deque([1, 1, 1, 1, 1, 1, 1, 1], maxlen=8)0.5, 8, 0, 8, 16
deque([1, 1, 1, 1, 1, 1, 1, 1], maxlen=8)0.5, 8, 0, 8, 16
deque([1, 1, 1, 1, 1, 1, 1, 1], maxlen=8)0.5, 8, 0, 8, 16
deque([1, 1, 1, 1, 1, 1, 1, 1], maxlen=8)0.5, 8, 0, 8, 16
deque([1, 1, 1, 1, 1, 1, 1, 1], maxlen=8)0.5, 8, 0, 8, 16
deque([1, 1, 1, 1, 1, 1, 1, 1], maxlen=8)0.5, 8, 0, 8, 16
deque([1, 1, 1, 1, 1, 1, 1, 1], maxlen=8)0.5, 8, 0, 8, 16
deque([1, 1, 1, 1, 1, 1, 1, 1], maxlen=8)0.5, 8, 0, 8, 16
deque([1, 1, 1, 1, 1, 1, 1, 1], maxlen=8)0.5, 8, 0, 8, 16
deque([1, 1, 1, 1, 1, 1, 1, 1], maxlen=8)0.5, 8, 0, 8, 16
deque([1, 1, 1, 1, 1, 1, 1, 1], maxlen=8)0.5, 8, 0, 8, 16
deque([1, 1, 1, 1, 1, 1, 1, 1], maxlen=8)0.5, 8, 0, 8, 16
deque([1, 1, 1, 1, 1, 1, 1, 1], maxlen=8)0.5, 8, 0, 8, 16
deque([1, 1, 1, 1, 1, 1, 1, 1], maxlen=8)0.5, 8, 0, 8, 16
deque([1, 1, 1, 1, 1, 1, 1, 1], maxlen=8)0.5, 8, 0, 8, 16
deque([1, 1, 1, 1, 1, 1, 1, 1], maxlen=8)0.5, 8, 0, 8, 16
deque([1, 1, 1, 1, 1, 1, 1, 1], maxlen=8)0.5, 8, 0, 8, 16
deque([1, 1, 1, 1, 1, 1, 1, 1], maxlen=8)0.5, 8, 0, 8, 16
deque([1, 1, 1, 1, 1, 1, 1, 1], maxlen=8)0.5, 8, 0, 8, 16
deque([1, 1, 1, 1, 1, 1, 1, 1], maxlen=8)0.5, 8, 0, 8, 16
deque([1, 1, 1, 1, 1, 1, 1, 1], maxlen=8)0.5, 8, 0, 8, 16
deque([1, 1, 1, 1, 1, 1, 1, 1], maxlen=8)0.5, 8, 0, 8, 16
deque([1, 1, 1, 1, 1, 1, 1, 1], maxlen=8)0.5, 8, 0, 8, 16
deque([1, 1, 1, 1, 1, 1, 1, 1], maxlen=8)0.5, 8, 0, 8, 16
deque([1, 1, 1, 1, 1, 1, 1, 1], maxlen=8)0.5, 8, 0, 8, 16
deque([1, 1, 1, 1, 1, 1, 1, 1], maxlen=8)0.5, 8, 0, 8, 16
deque([1, 1, 1, 1, 1, 1, 1, 1], maxlen=8)0.5, 8, 0, 8, 16
deque([1, 1, 1, 1, 1, 1, 1, 1], maxlen=8)0.5, 8, 0, 8, 16
deque([1, 1, 1, 1, 1, 1, 1, 1], maxlen=8)0.5, 8, 0, 8, 16
deque([1, 1, 1, 1, 1, 1, 1, 1], maxlen=8)0.5, 8, 0, 8, 16
deque([1, 1, 1, 1, 1, 1, 1, 1], maxlen=8)0.5, 8, 0, 8, 16
deque([1, 1, 1, 1, 1, 1, 1, 1], maxlen=8)0.5, 8, 0, 8, 16
deque([1, 1, 1, 1, 1, 1, 1, 1], maxlen=8)0.5, 8, 0, 8, 16
deque([1, 1, 1, 1, 1, 1, 1, 1], maxlen=8)0.5, 8, 0, 8, 16
deque([1, 1, 1, 1, 1, 1, 1, 1], maxlen=8)0.5, 8, 0, 8, 16
deque([1, 1, 1, 1, 1, 1, 1, 1], maxlen=8)0.5, 8, 0, 8, 16
deque([1, 1, 1, 1, 1, 1, 1, 1], maxlen=8)0.5, 8, 0, 8, 16
deque([1, 1, 1, 1, 1, 1, 1, 1], maxlen=8)0.5, 8, 0, 8, 16
deque([1, 1, 1, 1, 1, 1, 1, 1], maxlen=8)0.5, 8, 0, 8, 16
deque([1, 1, 1, 1, 1, 1, 1, 1], maxlen=8)0.5, 8, 0, 8, 16
deque([1, 1, 1, 1, 1, 1, 1, 1], maxlen=8)0.5, 8, 0, 8, 16
deque([1, 1, 1, 1, 1, 1, 1, 1], maxlen=8)0.5, 8, 0, 8, 16
deque([1, 1, 1, 1, 1, 1, 1, 1], maxlen=8)0.5, 8, 0, 8, 16
deque([1, 1, 1, 1, 1, 1, 1, 1], maxlen=8)0.5333333333333333, 8, 0, 7, 15
deque([1, 1, 1, 1, 1, 1, 1, 1], maxlen=8)0.5714285714285714, 8, 0, 6, 14
deque([1, 1, 1, 1, 1, 1, 1, 1], maxlen=8)0.6153846153846154, 8, 0, 5, 13
deque([1, 1, 1, 1, 1, 1, 1, 1], maxlen=8)0.6666666666666666, 8, 0, 4, 12
deque([1, 1, 1, 1, 1, 1, 1, 1], maxlen=8)0.7272727272727273, 8, 0, 3, 11
deque([1, 1, 1, 1, 1, 1, 1, 1], maxlen=8)0.8, 8, 0, 2, 10
deque([1, 1, 1, 1, 1, 1, 1, 1], maxlen=8)0.9428090415820634, 8, 0, 1, 9
deque([1, 1, 1, 1, 1, 1, 1, 1], maxlen=8)1.0, 8, 0, 0, 8
deque([1, 1, 1, 1, 1, 1, 1, 1], maxlen=8)1.0, 8, 0, 0, 8
deque([1, 1, 1, 1, 1, 1, 1, 1], maxlen=8)1.0, 8, 0, 0, 8
deque([1, 1, 1, 1, 1, 1, 1, 1], maxlen=8)1.0, 8, 0, 0, 8
deque([1, 1, 1, 1, 1, 1, 1, 1], maxlen=8)1.0, 8, 0, 0, 8
deque([1, 1, 1, 1, 1, 1, 1, 1], maxlen=8)1.0, 8, 0, 0, 8
deque([1, 1, 1, 1, 1, 1, 1, 1], maxlen=8)1.0, 8, 0, 0, 8
deque([1, 1, 1, 1, 1, 1, 1, 1], maxlen=8)1.0, 8, 0, 0, 8
deque([1, 1, 1, 1, 1, 1, 1, 1], maxlen=8)1.0, 8, 0, 0, 8
deque([1, 1, 1, 1, 1, 1, 1, 1], maxlen=8)1.0, 8, 0, 0, 8
deque([1, 1, 1, 1, 1, 1, 1, 1], maxlen=8)1.0, 8, 0, 0, 8
deque([1, 1, 1, 1, 1, 1, 1, 1], maxlen=8)1.0, 8, 0, 0, 8
deque([1, 1, 1, 1, 1, 1, 1, 1], maxlen=8)1.0, 8, 0, 0, 8
deque([1, 1, 1, 1, 1, 1, 1, 1], maxlen=8)1.0, 8, 0, 0, 8
deque([1, 1, 1, 1, 1, 1, 1, 1], maxlen=8)1.0, 8, 0, 0, 8
deque([1, 1, 1, 1, 1, 1, 1, 1], maxlen=8)1.0, 8, 0, 0, 8
deque([1, 1, 1, 1, 1, 1, 1, 1], maxlen=8)1.0, 8, 0, 0, 8
deque([1, 1, 1, 1, 1, 1, 1, 1], maxlen=8)1.0, 8, 0, 0, 8
deque([1, 1, 1, 1, 1, 1, 1, 1], maxlen=8)1.0, 8, 0, 0, 8
deque([1, 1, 1, 1, 1, 1, 1, 1], maxlen=8)1.0, 8, 0, 0, 8
deque([1, 1, 1, 1, 1, 1, 1, 1], maxlen=8)1.0, 8, 0, 0, 8
deque([1, 1, 1, 1, 1, 1, 1, 1], maxlen=8)1.0, 8, 0, 0, 8
deque([1, 1, 1, 1, 1, 1, 1, 1], maxlen=8)1.0, 8, 0, 0, 8
deque([1, 1, 1, 1, 1, 1, 1, 1], maxlen=8)1.0, 8, 0, 0, 8
deque([1, 1, 1, 1, 1, 1, 1, 1], maxlen=8)1.0, 8, 0, 0, 8
deque([1, 1, 1, 1, 1, 1, 1, 1], maxlen=8)1.0, 8, 0, 0, 8
deque([1, 1, 1, 1, 1, 1, 1, 1], maxlen=8)1.0, 8, 0, 0, 8
deque([1, 1, 1, 1, 1, 1, 1, 1], maxlen=8)1.0, 8, 0, 0, 8
deque([1, 1, 1, 1, 1, 1, 1, 1], maxlen=8)1.0, 8, 0, 0, 8
deque([1, 1, 1, 1, 1, 1, 1, 1], maxlen=8)1.0, 8, 0, 0, 8
deque([1, 1, 1, 1, 1, 1, 1, 1], maxlen=8)1.0, 8, 0, 0, 8
deque([1, 1, 1, 1, 1, 1, 1, 1], maxlen=8)1.0, 8, 0, 0, 8
deque([1, 1, 1, 1, 1, 1, 1, 1], maxlen=8)1.0, 8, 0, 0, 8
deque([1, 1, 1, 1, 1, 1, 1, 1], maxlen=8)1.0, 8, 0, 0, 8
deque([1, 1, 1, 1, 1, 1, 1, 1], maxlen=8)1.0, 8, 0, 0, 8
deque([1, 1, 1, 1, 1, 1, 1, 1], maxlen=8)1.0, 8, 0, 0, 8
deque([1, 1, 1, 1, 1, 1, 1, 1], maxlen=8)1.0, 8, 0, 0, 8
deque([1, 1, 1, 1, 1, 1, 1, 1], maxlen=8)1.0, 8, 0, 0, 8
deque([1, 1, 1, 1, 1, 1, 1, 1], maxlen=8)1.0, 8, 0, 0, 8
deque([1, 1, 1, 1, 1, 1, 1, 1], maxlen=8)1.0, 8, 0, 0, 8
deque([1, 1, 1, 1, 1, 1, 1, 1], maxlen=8)1.0, 8, 0, 0, 8
deque([1, 1, 1, 1, 1, 1, 1, 1], maxlen=8)1.0, 8, 0, 0, 8
deque([1, 1, 1, 1, 1, 1, 1, 1], maxlen=8)1.0, 8, 0, 0, 8
deque([1, 1, 1, 1, 1, 1, 1, 1], maxlen=8)1.0, 8, 0, 0, 8
deque([1, 1, 1, 1, 1, 1, 1, 1], maxlen=8)1.0, 8, 0, 0, 8
deque([1, 1, 1, 1, 1, 1, 1, 1], maxlen=8)1.0, 8, 0, 0, 8
deque([1, 1, 1, 1, 1, 1, 1, 1], maxlen=8)1.0, 8, 0, 0, 8
deque([1, 1, 1, 1, 1, 1, 1, 1], maxlen=8)1.0, 8, 0, 0, 8
deque([1, 1, 1, 1, 1, 1, 1, 1], maxlen=8)1.0, 8, 0, 0, 8
deque([1, 1, 1, 1, 1, 1, 1, 1], maxlen=8)1.0, 8, 0, 0, 8
deque([1, 1, 1, 1, 1, 1, 1, 1], maxlen=8)1.0, 8, 0, 0, 8
deque([1, 1, 1, 1, 1, 1, 1, 1], maxlen=8)1.0, 8, 0, 0, 8
deque([1, 1, 1, 1, 1, 1, 1, 1], maxlen=8)0.9428090415820634, 8, 0, 1, 9
deque([1, 1, 1, 1, 1, 1, 1, 1], maxlen=8)0.8, 8, 0, 2, 10
deque([1, 1, 1, 1, 1, 1, 1, 1], maxlen=8)0.7272727272727273, 8, 0, 3, 11
deque([1, 1, 1, 1, 1, 1, 1, 1], maxlen=8)0.6666666666666666, 8, 0, 4, 12
deque([1, 1, 1, 1, 1, 1, 1, 1], maxlen=8)0.6153846153846154, 8, 0, 5, 13
deque([1, 1, 1, 1, 1, 1, 1, 1], maxlen=8)0.5714285714285714, 8, 0, 6, 14
deque([1, 1, 1, 1, 1, 1, 1, 1], maxlen=8)0.5333333333333333, 8, 0, 7, 15
deque([1, 1, 1, 1, 1, 1, 1, 1], maxlen=8)0.5, 8, 0, 8, 16
deque([1, 1, 1, 1, 1, 1, 1, 1], maxlen=8)0.5, 8, 0, 8, 16
deque([1, 1, 1, 1, 1, 1, 1, 1], maxlen=8)0.5, 8, 0, 8, 16
deque([1, 1, 1, 1, 1, 1, 1, 1], maxlen=8)0.5, 8, 0, 8, 16
deque([1, 1, 1, 1, 1, 1, 1, 1], maxlen=8)0.5, 8, 0, 8, 16
deque([1, 1, 1, 1, 1, 1, 1, 1], maxlen=8)0.5, 8, 0, 8, 16
deque([1, 1, 1, 1, 1, 1, 1, 1], maxlen=8)0.5, 8, 0, 8, 16
deque([1, 1, 1, 1, 1, 1, 1, 1], maxlen=8)0.5, 8, 0, 8, 16
deque([1, 1, 1, 1, 1, 1, 1, 1], maxlen=8)0.5333333333333333, 8, 0, 7, 15
deque([1, 1, 1, 1, 1, 1, 1, 1], maxlen=8)0.5714285714285714, 8, 0, 6, 14
deque([1, 1, 1, 1, 1, 1, 1, 1], maxlen=8)0.6153846153846154, 8, 0, 5, 13
deque([1, 1, 1, 1, 1, 1, 1, 1], maxlen=8)0.6666666666666666, 8, 0, 4, 12
deque([1, 1, 1, 1, 1, 1, 1, 1], maxlen=8)0.7272727272727273, 8, 0, 3, 11
deque([1, 1, 1, 1, 1, 1, 1, 1], maxlen=8)0.8, 8, 0, 2, 10
deque([1, 1, 1, 1, 1, 1, 1, 1], maxlen=8)0.9428090415820634, 8, 0, 1, 9
deque([1, 1, 1, 1, 1, 1, 1, 1], maxlen=8)1.0, 8, 0, 0, 8
deque([1, 1, 1, 1, 1, 1, 1, 1], maxlen=8)1.0, 8, 0, 0, 8
deque([1, 1, 1, 1, 1, 1, 1, 1], maxlen=8)1.0, 8, 0, 0, 8
deque([1, 1, 1, 1, 1, 1, 1, 1], maxlen=8)0.9428090415820634, 8, 0, 1, 9
deque([1, 1, 1, 1, 1, 1, 1, 1], maxlen=8)0.8, 8, 0, 2, 10
deque([1, 1, 1, 1, 1, 1, 1, 1], maxlen=8)0.7272727272727273, 8, 0, 3, 11
deque([1, 1, 1, 1, 1, 1, 1, 1], maxlen=8)0.6666666666666666, 8, 0, 4, 12
deque([1, 1, 1, 1, 1, 1, 1, 1], maxlen=8)0.6153846153846154, 8, 0, 5, 13
deque([1, 1, 1, 1, 1, 1, 1, 1], maxlen=8)0.5714285714285714, 8, 0, 6, 14
deque([1, 1, 1, 1, 1, 1, 1, 1], maxlen=8)0.5333333333333333, 8, 0, 7, 15
deque([1, 1, 1, 1, 1, 1, 1, 1], maxlen=8)0.5, 8, 0, 8, 16
deque([1, 1, 1, 1, 1, 1, 1, 1], maxlen=8)0.5, 8, 0, 8, 16
deque([1, 1, 1, 1, 1, 1, 1, 1], maxlen=8)0.5, 8, 0, 8, 16
deque([1, 1, 1, 1, 1, 1, 1, 1], maxlen=8)0.5, 8, 0, 8, 16
deque([1, 1, 1, 1, 1, 1, 1, 1], maxlen=8)0.5, 8, 0, 8, 16
deque([1, 1, 1, 1, 1, 1, 1, 1], maxlen=8)0.5, 8, 0, 8, 16
deque([1, 1, 1, 1, 1, 1, 1, 1], maxlen=8)0.5, 8, 0, 8, 16
deque([1, 1, 1, 1, 1, 1, 1, 1], maxlen=8)0.5, 8, 0, 8, 16
deque([1, 1, 1, 1, 1, 1, 1, 1], maxlen=8)0.5, 8, 0, 8, 16
deque([1, 1, 1, 1, 1, 1, 1, 1], maxlen=8)0.5, 8, 0, 8, 16
deque([1, 1, 1, 1, 1, 1, 1, 1], maxlen=8)0.5, 8, 0, 8, 16
deque([1, 1, 1, 1, 1, 1, 1, 1], maxlen=8)0.5, 8, 0, 8, 16
deque([1, 1, 1, 1, 1, 1, 1, 1], maxlen=8)0.5, 8, 0, 8, 16
deque([1, 1, 1, 1, 1, 1, 1, 1], maxlen=8)0.5, 8, 0, 8, 16
deque([1, 1, 1, 1, 1, 1, 1, 1], maxlen=8)0.5, 8, 0, 8, 16
deque([1, 1, 1, 1, 1, 1, 1, 1], maxlen=8)0.5, 8, 0, 8, 16
deque([1, 1, 1, 1, 1, 1, 1, 1], maxlen=8)0.5, 8, 0, 8, 16
deque([1, 1, 1, 1, 1, 1, 1, 1], maxlen=8)0.5333333333333333, 8, 0, 7, 15
deque([1, 1, 1, 1, 1, 1, 1, 1], maxlen=8)0.5714285714285714, 8, 0, 6, 14
deque([1, 1, 1, 1, 1, 1, 1, 1], maxlen=8)0.6153846153846154, 8, 0, 5, 13
deque([1, 1, 1, 1, 1, 1, 1, 1], maxlen=8)0.6666666666666666, 8, 0, 4, 12
deque([1, 1, 1, 1, 1, 1, 1, 1], maxlen=8)0.7272727272727273, 8, 0, 3, 11
deque([1, 1, 1, 1, 1, 1, 1, 1], maxlen=8)0.8, 8, 0, 2, 10
deque([1, 1, 1, 1, 1, 1, 1, 1], maxlen=8)0.9428090415820634, 8, 0, 1, 9
deque([1, 1, 1, 1, 1, 1, 1, 1], maxlen=8)1.0, 8, 0, 0, 8
deque([1, 1, 1, 1, 1, 1, 1, 1], maxlen=8)