Log started 01-05--$H$M0.8408964152537145, 0, 1, 0, 1
deque([0, 0, 0, 0, 0, 0, 0, 0], maxlen=8)
0.8408964152537145, 0, 2, 0, 2
deque([0, 0, 0, 0, 0, 0, 0, 0], maxlen=8)
0.8408964152537145, 0, 3, 0, 3
deque([0, 0, 0, 0, 0, 0, 0, 0], maxlen=8)
0.8408964152537145, 0, 4, 0, 4
deque([0, 0, 0, 0, 0, 0, 0, 0], maxlen=8)
0.7071067811865476, 0, 5, 0, 5
deque([0, 0, 0, 0, 0, 0, 0, 0], maxlen=8)
0.7071067811865476, 0, 6, 0, 6
deque([0, 0, 0, 0, 0, 0, 0, 0], maxlen=8)
0.7071067811865476, 0, 7, 0, 7
deque([0, 0, 0, 0, 0, 0, 0, 0], maxlen=8)
0.7071067811865476, 0, 8, 0, 8
deque([0, 0, 0, 0, 0, 0, 0, 0], maxlen=8)
0.7071067811865476, 0, 8, 0, 8
deque([0, 0, 0, 0, 0, 0, 0, 0], maxlen=8)
0.7071067811865476, 0, 8, 0, 8
deque([0, 0, 0, 0, 0, 0, 0, 0], maxlen=8)
0.7071067811865476, 0, 8, 0, 8
deque([0, 0, 0, 0, 0, 0, 0, 0], maxlen=8)
0.7071067811865476, 0, 8, 0, 8
deque([0, 0, 0, 0, 0, 0, 0, 0], maxlen=8)
0.7071067811865476, 0, 8, 0, 8
deque([0, 0, 0, 0, 0, 0, 0, 0], maxlen=8)
0.7071067811865476, 0, 8, 0, 8
deque([0, 0, 0, 0, 0, 0, 0, 0], maxlen=8)
0.7071067811865476, 0, 8, 0, 8
deque([0, 0, 0, 0, 0, 0, 0, 0], maxlen=8)
0.7071067811865476, 0, 8, 0, 8
deque([0, 0, 0, 0, 0, 0, 0, 0], maxlen=8)
0.7071067811865476, 0, 8, 0, 8
deque([0, 0, 0, 0, 0, 0, 0, 0], maxlen=8)
0.7071067811865476, 0, 8, 0, 8
deque([0, 0, 0, 0, 0, 0, 0, 0], maxlen=8)
0.7071067811865476, 0, 8, 0, 8
deque([0, 0, 0, 0, 0, 0, 0, 0], maxlen=8)
0.7071067811865476, 0, 8, 0, 8
deque([0, 0, 0, 0, 0, 0, 0, 0], maxlen=8)
0.7071067811865476, 0, 8, 0, 8
deque([0, 0, 0, 0, 0, 0, 0, 0], maxlen=8)
0.7071067811865476, 0, 8, 0, 8
deque([0, 0, 0, 0, 0, 0, 0, 0], maxlen=8)
0.7071067811865476, 0, 8, 0, 8
deque([0, 0, 0, 0, 0, 0, 0, 0], maxlen=8)
0.7071067811865476, 0, 8, 0, 8
deque([0, 0, 0, 0, 0, 0, 0, 0], maxlen=8)
0.7071067811865476, 0, 8, 0, 8
deque([0, 0, 0, 0, 0, 0, 0, 0], maxlen=8)
0.7071067811865476, 0, 8, 0, 8
deque([0, 0, 0, 0, 0, 0, 0, 0], maxlen=8)
0.7071067811865476, 0, 8, 0, 8
deque([0, 0, 0, 0, 0, 0, 0, 0], maxlen=8)
0.7071067811865476, 0, 8, 0, 8
deque([0, 0, 0, 0, 0, 0, 0, 0], maxlen=8)
0.7071067811865476, 0, 8, 0, 8
deque([0, 0, 0, 0, 0, 0, 0, 0], maxlen=8)
0.7071067811865476, 0, 8, 0, 8
deque([0, 0, 0, 0, 0, 0, 0, 0], maxlen=8)
0.7071067811865476, 0, 8, 0, 8
deque([0, 0, 0, 0, 0, 0, 0, 0], maxlen=8)
0.7071067811865476, 0, 8, 0, 8
deque([0, 0, 0, 0, 0, 0, 0, 0], maxlen=8)
0.7071067811865476, 0, 8, 0, 8
deque([0, 0, 0, 0, 0, 0, 0, 0], maxlen=8)
0.7071067811865476, 0, 8, 0, 8
deque([0, 0, 0, 0, 0, 0, 0, 0], maxlen=8)
0.7071067811865476, 0, 8, 0, 8
deque([0, 0, 0, 0, 0, 0, 0, 0], maxlen=8)
0.7071067811865476, 0, 8, 0, 8
deque([0, 0, 0, 0, 0, 0, 0, 0], maxlen=8)
0.7071067811865476, 1, 8, 0, 9
deque([0, 0, 0, 0, 0, 0, 0, 1], maxlen=8)
0.5, 2, 8, 0, 10
deque([0, 0, 0, 0, 0, 0, 1, 1], maxlen=8)
0.5, 3, 8, 0, 11
deque([0, 0, 0, 0, 0, 1, 1, 1], maxlen=8)
0.5, 4, 8, 0, 12
deque([0, 0, 0, 0, 1, 1, 1, 1], maxlen=8)
0.5, 5, 8, 0, 13
deque([0, 0, 0, 1, 1, 1, 1, 1], maxlen=8)
0.5, 6, 8, 0, 14
deque([0, 0, 1, 1, 1, 1, 1, 1], maxlen=8)
0.5, 7, 8, 0, 15
deque([0, 1, 1, 1, 1, 1, 1, 1], maxlen=8)
0.5, 8, 8, 0, 16
deque([1, 1, 1, 1, 1, 1, 1, 1], maxlen=8)
0.5, 8, 8, 0, 16
deque([1, 1, 1, 1, 1, 1, 1, 1], maxlen=8)
0.5, 8, 8, 0, 16
deque([1, 1, 1, 1, 1, 1, 1, 1], maxlen=8)
0.5, 8, 8, 0, 16
deque([1, 1, 1, 1, 1, 1, 1, 1], maxlen=8)
0.5, 8, 8, 0, 16
deque([1, 1, 1, 1, 1, 1, 1, 1], maxlen=8)
0.5, 8, 8, 0, 16
deque([1, 1, 1, 1, 1, 1, 1, 1], maxlen=8)
0.5, 8, 8, 0, 16
deque([1, 1, 1, 1, 1, 1, 1, 1], maxlen=8)
0.5, 8, 8, 0, 16
deque([1, 1, 1, 1, 1, 1, 1, 1], maxlen=8)
0.5, 8, 8, 0, 16
deque([1, 1, 1, 1, 1, 1, 1, 1], maxlen=8)
0.5, 7, 9, 0, 16
deque([1, 1, 1, 1, 1, 1, 1, 0], maxlen=8)
0.5, 6, 10, 0, 16
deque([1, 1, 1, 1, 1, 1, 0, 0], maxlen=8)
0.5, 5, 11, 0, 16
deque([1, 1, 1, 1, 1, 0, 0, 0], maxlen=8)
0.5, 4, 12, 0, 16
deque([1, 1, 1, 1, 0, 0, 0, 0], maxlen=8)
0.5, 3, 13, 0, 16
deque([1, 1, 1, 0, 0, 0, 0, 0], maxlen=8)
0.5, 2, 13, 0, 15
deque([1, 1, 0, 0, 0, 0, 0, 0], maxlen=8)
0.5, 1, 13, 0, 14
deque([1, 0, 0, 0, 0, 0, 0, 0], maxlen=8)
0.5, 0, 13, 0, 13
deque([0, 0, 0, 0, 0, 0, 0, 0], maxlen=8)
0.5, 1, 12, 0, 13
deque([0, 0, 0, 0, 0, 0, 0, 1], maxlen=8)
0.5, 2, 11, 0, 13
deque([0, 0, 0, 0, 0, 0, 1, 1], maxlen=8)
0.5, 3, 10, 0, 13
deque([0, 0, 0, 0, 0, 1, 1, 1], maxlen=8)
0.5, 4, 9, 0, 13
deque([0, 0, 0, 0, 1, 1, 1, 1], maxlen=8)
0.5, 5, 8, 0, 13
deque([0, 0, 0, 1, 1, 1, 1, 1], maxlen=8)
0.5, 6, 8, 0, 14
deque([0, 0, 1, 1, 1, 1, 1, 1], maxlen=8)
0.5, 7, 8, 0, 15
deque([0, 1, 1, 1, 1, 1, 1, 1], maxlen=8)
0.5, 8, 8, 0, 16
deque([1, 1, 1, 1, 1, 1, 1, 1], maxlen=8)
0.5, 8, 8, 0, 16
deque([1, 1, 1, 1, 1, 1, 1, 1], maxlen=8)
0.5, 8, 8, 0, 16
deque([1, 1, 1, 1, 1, 1, 1, 1], maxlen=8)
0.5, 8, 8, 0, 16
deque([1, 1, 1, 1, 1, 1, 1, 1], maxlen=8)
0.5, 8, 8, 0, 16
deque([1, 1, 1, 1, 1, 1, 1, 1], maxlen=8)
0.5, 8, 8, 0, 16
deque([1, 1, 1, 1, 1, 1, 1, 1], maxlen=8)
0.5, 8, 8, 0, 16
deque([1, 1, 1, 1, 1, 1, 1, 1], maxlen=8)
0.5, 8, 8, 0, 16
deque([1, 1, 1, 1, 1, 1, 1, 1], maxlen=8)
0.5, 8, 8, 0, 16
deque([1, 1, 1, 1, 1, 1, 1, 1], maxlen=8)
0.5, 8, 8, 0, 16
deque([1, 1, 1, 1, 1, 1, 1, 1], maxlen=8)
0.5, 8, 8, 0, 16
deque([1, 1, 1, 1, 1, 1, 1, 1], maxlen=8)
0.5, 8, 8, 0, 16
deque([1, 1, 1, 1, 1, 1, 1, 1], maxlen=8)
0.5, 8, 8, 0, 16
deque([1, 1, 1, 1, 1, 1, 1, 1], maxlen=8)
0.5, 8, 8, 0, 16
deque([1, 1, 1, 1, 1, 1, 1, 1], maxlen=8)
0.5, 7, 9, 1, 17
deque([1, 1, 1, 1, 1, 1, 1, 0], maxlen=8)
0.5, 6, 10, 2, 18
deque([1, 1, 1, 1, 1, 1, 0, 0], maxlen=8)
0.5, 5, 11, 3, 19
deque([1, 1, 1, 1, 1, 0, 0, 0], maxlen=8)
0.5, 4, 11, 4, 19
deque([1, 1, 1, 1, 0, 0, 0, 0], maxlen=8)
0.5, 3, 11, 5, 19
deque([1, 1, 1, 0, 0, 0, 0, 0], maxlen=8)
0.5, 3, 11, 5, 19
deque([1, 1, 0, 0, 0, 0, 0, 1], maxlen=8)
0.5, 3, 11, 5, 19
deque([1, 0, 0, 0, 0, 0, 1, 1], maxlen=8)
0.5, 3, 11, 5, 19
deque([0, 0, 0, 0, 0, 1, 1, 1], maxlen=8)
0.5, 4, 10, 4, 18
deque([0, 0, 0, 0, 1, 1, 1, 1], maxlen=8)
0.5, 5, 9, 3, 17
deque([0, 0, 0, 1, 1, 1, 1, 1], maxlen=8)
0.5, 6, 8, 2, 16
deque([0, 0, 1, 1, 1, 1, 1, 1], maxlen=8)
0.5, 7, 8, 1, 16
deque([0, 1, 1, 1, 1, 1, 1, 1], maxlen=8)
0.5, 8, 8, 0, 16
deque([1, 1, 1, 1, 1, 1, 1, 1], maxlen=8)
0.5, 8, 8, 0, 16
deque([1, 1, 1, 1, 1, 1, 1, 1], maxlen=8)
0.5, 8, 8, 0, 16
deque([1, 1, 1, 1, 1, 1, 1, 1], maxlen=8)
0.5, 8, 8, 0, 16
deque([1, 1, 1, 1, 1, 1, 1, 1], maxlen=8)
0.5, 8, 8, 0, 16
deque([1, 1, 1, 1, 1, 1, 1, 1], maxlen=8)
0.5, 8, 8, 0, 16
deque([1, 1, 1, 1, 1, 1, 1, 1], maxlen=8)
0.5, 8, 8, 0, 16
deque([1, 1, 1, 1, 1, 1, 1, 1], maxlen=8)
0.5, 8, 8, 0, 16
deque([1, 1, 1, 1, 1, 1, 1, 1], maxlen=8)
0.5, 7, 8, 0, 15
deque([1, 1, 1, 1, 1, 1, 1, 0], maxlen=8)
0.5, 6, 8, 0, 14
deque([1, 1, 1, 1, 1, 1, 0, 0], maxlen=8)
0.5, 5, 8, 0, 13
deque([1, 1, 1, 1, 1, 0, 0, 0], maxlen=8)
0.5, 4, 8, 0, 12
deque([1, 1, 1, 1, 0, 0, 0, 0], maxlen=8)
0.5, 3, 8, 0, 11
deque([1, 1, 1, 0, 0, 0, 0, 0], maxlen=8)
0.5, 2, 8, 0, 10
deque([1, 1, 0, 0, 0, 0, 0, 0], maxlen=8)
0.7071067811865476, 1, 8, 0, 9
deque([1, 0, 0, 0, 0, 0, 0, 0], maxlen=8)
0.7071067811865476, 0, 8, 0, 8
deque([0, 0, 0, 0, 0, 0, 0, 0], maxlen=8)
0.7071067811865476, 0, 8, 0, 8
deque([0, 0, 0, 0, 0, 0, 0, 0], maxlen=8)
0.7071067811865476, 0, 8, 0, 8
deque([0, 0, 0, 0, 0, 0, 0, 0], maxlen=8)
0.7071067811865476, 0, 8, 0, 8
deque([0, 0, 0, 0, 0, 0, 0, 0], maxlen=8)
0.7071067811865476, 0, 8, 0, 8
deque([0, 0, 0, 0, 0, 0, 0, 0], maxlen=8)
0.7071067811865476, 0, 8, 0, 8
deque([0, 0, 0, 0, 0, 0, 0, 0], maxlen=8)
0.7071067811865476, 0, 8, 0, 8
deque([0, 0, 0, 0, 0, 0, 0, 0], maxlen=8)
0.7071067811865476, 0, 8, 0, 8
deque([0, 0, 0, 0, 0, 0, 0, 0], maxlen=8)
0.7071067811865476, 0, 8, 0, 8
deque([0, 0, 0, 0, 0, 0, 0, 0], maxlen=8)
0.7071067811865476, 0, 8, 0, 8
deque([0, 0, 0, 0, 0, 0, 0, 0], maxlen=8)
0.7071067811865476, 0, 8, 0, 8
deque([0, 0, 0, 0, 0, 0, 0, 0], maxlen=8)
0.7071067811865476, 1, 8, 0, 9
deque([0, 0, 0, 0, 0, 0, 0, 1], maxlen=8)
0.5, 2, 8, 0, 10
deque([0, 0, 0, 0, 0, 0, 1, 1], maxlen=8)
0.5, 3, 8, 0, 11
deque([0, 0, 0, 0, 0, 1, 1, 1], maxlen=8)
0.5, 4, 8, 0, 12
deque([0, 0, 0, 0, 1, 1, 1, 1], maxlen=8)
0.5, 5, 8, 0, 13
deque([0, 0, 0, 1, 1, 1, 1, 1], maxlen=8)
0.5, 6, 8, 0, 14
deque([0, 0, 1, 1, 1, 1, 1, 1], maxlen=8)
0.5, 7, 8, 0, 15
deque([0, 1, 1, 1, 1, 1, 1, 1], maxlen=8)
0.5, 8, 8, 0, 16
deque([1, 1, 1, 1, 1, 1, 1, 1], maxlen=8)
0.5, 8, 8, 0, 16
deque([1, 1, 1, 1, 1, 1, 1, 1], maxlen=8)
0.5, 8, 8, 0, 16
deque([1, 1, 1, 1, 1, 1, 1, 1], maxlen=8)
0.5, 8, 8, 0, 16
deque([1, 1, 1, 1, 1, 1, 1, 1], maxlen=8)
0.5, 8, 8, 0, 16
deque([1, 1, 1, 1, 1, 1, 1, 1], maxlen=8)
0.5, 8, 8, 0, 16
deque([1, 1, 1, 1, 1, 1, 1, 1], maxlen=8)
0.5, 8, 8, 0, 16
deque([1, 1, 1, 1, 1, 1, 1, 1], maxlen=8)
0.5, 8, 7, 1, 16
deque([1, 1, 1, 1, 1, 1, 1, 1], maxlen=8)
0.5, 8, 6, 2, 16
deque([1, 1, 1, 1, 1, 1, 1, 1], maxlen=8)
0.5, 8, 5, 3, 16
deque([1, 1, 1, 1, 1, 1, 1, 1], maxlen=8)
0.5, 8, 4, 4, 16
deque([1, 1, 1, 1, 1, 1, 1, 1], maxlen=8)
0.5, 8, 3, 5, 16
deque([1, 1, 1, 1, 1, 1, 1, 1], maxlen=8)
0.5, 8, 2, 6, 16
deque([1, 1, 1, 1, 1, 1, 1, 1], maxlen=8)
0.5, 8, 1, 7, 16
deque([1, 1, 1, 1, 1, 1, 1, 1], maxlen=8)
0.5, 8, 0, 8, 16
deque([1, 1, 1, 1, 1, 1, 1, 1], maxlen=8)
0.5, 8, 0, 8, 16
deque([1, 1, 1, 1, 1, 1, 1, 1], maxlen=8)
0.5, 8, 0, 8, 16
deque([1, 1, 1, 1, 1, 1, 1, 1], maxlen=8)
0.5, 8, 0, 8, 16
deque([1, 1, 1, 1, 1, 1, 1, 1], maxlen=8)
0.5, 8, 0, 8, 16
deque([1, 1, 1, 1, 1, 1, 1, 1], maxlen=8)
0.5, 8, 0, 8, 16
deque([1, 1, 1, 1, 1, 1, 1, 1], maxlen=8)
0.5, 8, 0, 8, 16
deque([1, 1, 1, 1, 1, 1, 1, 1], maxlen=8)
0.5, 8, 0, 8, 16
deque([1, 1, 1, 1, 1, 1, 1, 1], maxlen=8)
0.5, 8, 0, 8, 16
deque([1, 1, 1, 1, 1, 1, 1, 1], maxlen=8)
0.5, 8, 0, 8, 16
deque([1, 1, 1, 1, 1, 1, 1, 1], maxlen=8)
0.5, 8, 0, 8, 16
deque([1, 1, 1, 1, 1, 1, 1, 1], maxlen=8)
0.5, 8, 0, 8, 16
deque([1, 1, 1, 1, 1, 1, 1, 1], maxlen=8)
0.5, 8, 0, 8, 16
deque([1, 1, 1, 1, 1, 1, 1, 1], maxlen=8)
0.5, 8, 0, 8, 16
deque([1, 1, 1, 1, 1, 1, 1, 1], maxlen=8)
0.5, 8, 0, 8, 16
deque([1, 1, 1, 1, 1, 1, 1, 1], maxlen=8)
0.5, 7, 1, 8, 16
deque([1, 1, 1, 1, 1, 1, 1, 0], maxlen=8)
0.5, 6, 2, 8, 16
deque([1, 1, 1, 1, 1, 1, 0, 0], maxlen=8)
0.5, 5, 3, 8, 16
deque([1, 1, 1, 1, 1, 0, 0, 0], maxlen=8)
0.5, 4, 3, 8, 15
deque([1, 1, 1, 1, 0, 0, 0, 0], maxlen=8)
0.5, 3, 3, 8, 14
deque([1, 1, 1, 0, 0, 0, 0, 0], maxlen=8)
0.5, 2, 3, 8, 13
deque([1, 1, 0, 0, 0, 0, 0, 0], maxlen=8)
0.5, 1, 3, 8, 12
deque([1, 0, 0, 0, 0, 0, 0, 0], maxlen=8)
0.5, 0, 3, 8, 11
deque([0, 0, 0, 0, 0, 0, 0, 0], maxlen=8)
0.5, 0, 2, 8, 10
deque([0, 0, 0, 0, 0, 0, 0, 0], maxlen=8)
0.7071067811865476, 0, 1, 8, 9
deque([0, 0, 0, 0, 0, 0, 0, 0], maxlen=8)
0.7071067811865476, 0, 0, 8, 8
deque([0, 0, 0, 0, 0, 0, 0, 0], maxlen=8)
0.7071067811865476, 0, 0, 8, 8
deque([0, 0, 0, 0, 0, 0, 0, 0], maxlen=8)
0.7071067811865476, 0, 0, 8, 8
deque([0, 0, 0, 0, 0, 0, 0, 0], maxlen=8)
0.7071067811865476, 0, 0, 8, 8
deque([0, 0, 0, 0, 0, 0, 0, 0], maxlen=8)
0.7071067811865476, 0, 0, 8, 8
deque([0, 0, 0, 0, 0, 0, 0, 0], maxlen=8)
0.7071067811865476, 0, 0, 8, 8
deque([0, 0, 0, 0, 0, 0, 0, 0], maxlen=8)
0.7071067811865476, 0, 0, 8, 8
deque([0, 0, 0, 0, 0, 0, 0, 0], maxlen=8)
0.7071067811865476, 0, 0, 8, 8
deque([0, 0, 0, 0, 0, 0, 0, 0], maxlen=8)
0.7071067811865476, 0, 0, 8, 8
deque([0, 0, 0, 0, 0, 0, 0, 0], maxlen=8)
0.7071067811865476, 0, 0, 8, 8
deque([0, 0, 0, 0, 0, 0, 0, 0], maxlen=8)
0.7071067811865476, 0, 0, 8, 8
deque([0, 0, 0, 0, 0, 0, 0, 0], maxlen=8)
0.7071067811865476, 0, 0, 8, 8
deque([0, 0, 0, 0, 0, 0, 0, 0], maxlen=8)
0.7071067811865476, 0, 0, 9, 9
deque([0, 0, 0, 0, 0, 0, 0, 0], maxlen=8)
0.5, 0, 0, 10, 10
deque([0, 0, 0, 0, 0, 0, 0, 0], maxlen=8)
0.5, 0, 0, 11, 11
deque([0, 0, 0, 0, 0, 0, 0, 0], maxlen=8)
0.5, 1, 0, 11, 12
deque([0, 0, 0, 0, 0, 0, 0, 1], maxlen=8)
0.5, 2, 0, 11, 13
deque([0, 0, 0, 0, 0, 0, 1, 1], maxlen=8)
0.5, 3, 0, 11, 14
deque([0, 0, 0, 0, 0, 1, 1, 1], maxlen=8)
0.5, 5, 0, 10, 15
deque([0, 0, 0, 0, 1, 1, 1, 2], maxlen=8)
0.5, 7, 0, 9, 16
deque([0, 0, 0, 1, 1, 1, 2, 2], maxlen=8)
0.5625, 9, 0, 7, 16
deque([0, 0, 1, 1, 1, 2, 2, 2], maxlen=8)
0.6875, 11, 0, 5, 16
deque([0, 1, 1, 1, 2, 2, 2, 2], maxlen=8)
0.8125, 13, 0, 3, 16
deque([1, 1, 1, 2, 2, 2, 2, 2], maxlen=8)
0.875, 14, 0, 2, 16
deque([1, 1, 2, 2, 2, 2, 2, 2], maxlen=8)
0.9375, 15, 0, 1, 16
deque([1, 2, 2, 2, 2, 2, 2, 2], maxlen=8)
1.0, 16, 0, 0, 16
deque([2, 2, 2, 2, 2, 2, 2, 2], maxlen=8)
1.0, 16, 0, 0, 16
deque([2, 2, 2, 2, 2, 2, 2, 2], maxlen=8)
1.0, 16, 0, 0, 16
deque([2, 2, 2, 2, 2, 2, 2, 2], maxlen=8)
1.0, 16, 0, 0, 16
deque([2, 2, 2, 2, 2, 2, 2, 2], maxlen=8)
1.0, 16, 0, 0, 16
deque([2, 2, 2, 2, 2, 2, 2, 2], maxlen=8)
1.0, 16, 0, 0, 16
deque([2, 2, 2, 2, 2, 2, 2, 2], maxlen=8)
1.0, 16, 0, 0, 16
deque([2, 2, 2, 2, 2, 2, 2, 2], maxlen=8)
0.8823529411764706, 15, 1, 1, 17
deque([2, 2, 2, 2, 2, 2, 2, 1], maxlen=8)
0.8333333333333334, 15, 2, 1, 18
deque([2, 2, 2, 2, 2, 2, 1, 2], maxlen=8)
0.8333333333333334, 15, 2, 1, 18
deque([2, 2, 2, 2, 2, 1, 2, 2], maxlen=8)
0.8333333333333334, 15, 2, 1, 18
deque([2, 2, 2, 2, 1, 2, 2, 2], maxlen=8)
0.8333333333333334, 15, 2, 1, 18
deque([2, 2, 2, 1, 2, 2, 2, 2], maxlen=8)
0.8333333333333334, 15, 2, 1, 18
deque([2, 2, 1, 2, 2, 2, 2, 2], maxlen=8)
0.8333333333333334, 15, 2, 1, 18
deque([2, 1, 2, 2, 2, 2, 2, 2], maxlen=8)
0.8333333333333334, 15, 2, 1, 18
deque([1, 2, 2, 2, 2, 2, 2, 2], maxlen=8)
0.9411764705882353, 16, 1, 0, 17
deque([2, 2, 2, 2, 2, 2, 2, 2], maxlen=8)
1.0, 16, 0, 0, 16
deque([2, 2, 2, 2, 2, 2, 2, 2], maxlen=8)
1.0, 16, 0, 0, 16
deque([2, 2, 2, 2, 2, 2, 2, 2], maxlen=8)
1.0, 16, 0, 0, 16
deque([2, 2, 2, 2, 2, 2, 2, 2], maxlen=8)
1.0, 16, 0, 0, 16
deque([2, 2, 2, 2, 2, 2, 2, 2], maxlen=8)
1.0, 16, 0, 0, 16
deque([2, 2, 2, 2, 2, 2, 2, 2], maxlen=8)
1.0, 16, 0, 0, 16
deque([2, 2, 2, 2, 2, 2, 2, 2], maxlen=8)
0.9375, 15, 0, 1, 16
deque([2, 2, 2, 2, 2, 2, 2, 1], maxlen=8)
0.875, 14, 0, 2, 16
deque([2, 2, 2, 2, 2, 2, 1, 1], maxlen=8)
0.8125, 13, 0, 3, 16
deque([2, 2, 2, 2, 2, 1, 1, 1], maxlen=8)
0.75, 12, 0, 4, 16
deque([2, 2, 2, 2, 1, 1, 1, 1], maxlen=8)
0.6875, 11, 0, 5, 16
deque([2, 2, 2, 1, 1, 1, 1, 1], maxlen=8)
0.625, 10, 0, 6, 16
deque([2, 2, 1, 1, 1, 1, 1, 1], maxlen=8)
0.5625, 9, 0, 7, 16
deque([2, 1, 1, 1, 1, 1, 1, 1], maxlen=8)
0.5, 8, 0, 8, 16
deque([1, 1, 1, 1, 1, 1, 1, 1], maxlen=8)
0.5, 8, 0, 8, 16
deque([1, 1, 1, 1, 1, 1, 1, 1], maxlen=8)
0.5, 8, 0, 8, 16
deque([1, 1, 1, 1, 1, 1, 1, 1], maxlen=8)
0.5, 8, 0, 8, 16
deque([1, 1, 1, 1, 1, 1, 1, 1], maxlen=8)
0.5, 8, 0, 8, 16
deque([1, 1, 1, 1, 1, 1, 1, 1], maxlen=8)
0.5, 8, 0, 8, 16
deque([1, 1, 1, 1, 1, 1, 1, 1], maxlen=8)
0.5, 8, 0, 8, 16
deque([1, 1, 1, 1, 1, 1, 1, 1], maxlen=8)
0.5625, 9, 0, 7, 16
deque([1, 1, 1, 1, 1, 1, 1, 2], maxlen=8)
0.625, 10, 0, 6, 16
deque([1, 1, 1, 1, 1, 1, 2, 2], maxlen=8)
0.6875, 11, 0, 5, 16
deque([1, 1, 1, 1, 1, 2, 2, 2], maxlen=8)
0.75, 12, 0, 4, 16
deque([1, 1, 1, 1, 2, 2, 2, 2], maxlen=8)
0.8125, 13, 0, 3, 16
deque([1, 1, 1, 2, 2, 2, 2, 2], maxlen=8)
0.875, 14, 0, 2, 16
deque([1, 1, 2, 2, 2, 2, 2, 2], maxlen=8)
0.9375, 15, 0, 1, 16
deque([1, 2, 2, 2, 2, 2, 2, 2], maxlen=8)
1.0, 16, 0, 0, 16
deque([2, 2, 2, 2, 2, 2, 2, 2], maxlen=8)
1.0, 16, 0, 0, 16
deque([2, 2, 2, 2, 2, 2, 2, 2], maxlen=8)
1.0, 16, 0, 0, 16
deque([2, 2, 2, 2, 2, 2, 2, 2], maxlen=8)
1.0, 16, 0, 0, 16
deque([2, 2, 2, 2, 2, 2, 2, 2], maxlen=8)
1.0, 15, 0, 0, 15
deque([2, 2, 2, 2, 2, 2, 2, 1], maxlen=8)
0.9285714285714286, 13, 0, 1, 14
deque([2, 2, 2, 2, 2, 2, 1, 0], maxlen=8)
0.8461538461538461, 11, 0, 2, 13
deque([2, 2, 2, 2, 2, 1, 0, 0], maxlen=8)
0.75, 9, 0, 3, 12
deque([2, 2, 2, 2, 1, 0, 0, 0], maxlen=8)
0.6363636363636364, 7, 0, 4, 11
deque([2, 2, 2, 1, 0, 0, 0, 0], maxlen=8)
0.5, 5, 0, 5, 10
deque([2, 2, 1, 0, 0, 0, 0, 0], maxlen=8)
0.7071067811865476, 3, 0, 6, 9
deque([2, 1, 0, 0, 0, 0, 0, 0], maxlen=8)
0.7071067811865476, 1, 0, 7, 8
deque([1, 0, 0, 0, 0, 0, 0, 0], maxlen=8)
0.7071067811865476, 0, 0, 8, 8
deque([0, 0, 0, 0, 0, 0, 0, 0], maxlen=8)
0.7071067811865476, 0, 0, 8, 8
deque([0, 0, 0, 0, 0, 0, 0, 0], maxlen=8)
0.7071067811865476, 0, 0, 8, 8
deque([0, 0, 0, 0, 0, 0, 0, 0], maxlen=8)
0.7071067811865476, 0, 0, 8, 8
deque([0, 0, 0, 0, 0, 0, 0, 0], maxlen=8)
0.7071067811865476, 0, 0, 8, 8
deque([0, 0, 0, 0, 0, 0, 0, 0], maxlen=8)
0.7071067811865476, 0, 0, 8, 8
deque([0, 0, 0, 0, 0, 0, 0, 0], maxlen=8)
0.7071067811865476, 0, 0, 8, 8
deque([0, 0, 0, 0, 0, 0, 0, 0], maxlen=8)
0.7071067811865476, 0, 0, 8, 8
deque([0, 0, 0, 0, 0, 0, 0, 0], maxlen=8)
0.7071067811865476, 0, 0, 8, 8
deque([0, 0, 0, 0, 0, 0, 0, 0], maxlen=8)
0.7071067811865476, 0, 0, 8, 8
deque([0, 0, 0, 0, 0, 0, 0, 0], maxlen=8)
0.7071067811865476, 0, 0, 8, 8
deque([0, 0, 0, 0, 0, 0, 0, 0], maxlen=8)
0.7071067811865476, 0, 0, 8, 8
deque([0, 0, 0, 0, 0, 0, 0, 0], maxlen=8)
0.7071067811865476, 0, 0, 8, 8
deque([0, 0, 0, 0, 0, 0, 0, 0], maxlen=8)
0.7071067811865476, 0, 0, 8, 8
deque([0, 0, 0, 0, 0, 0, 0, 0], maxlen=8)
0.7071067811865476, 0, 0, 8, 8
deque([0, 0, 0, 0, 0, 0, 0, 0], maxlen=8)
0.7071067811865476, 0, 0, 8, 8
deque([0, 0, 0, 0, 0, 0, 0, 0], maxlen=8)
0.7071067811865476, 1, 0, 7, 8
deque([0, 0, 0, 0, 0, 0, 0, 1], maxlen=8)
0.7071067811865476, 2, 0, 6, 8
deque([0, 0, 0, 0, 0, 0, 1, 1], maxlen=8)
0.7071067811865476, 2, 0, 6, 8
deque([0, 0, 0, 0, 0, 1, 1, 0], maxlen=8)
0.7071067811865476, 2, 0, 6, 8
deque([0, 0, 0, 0, 1, 1, 0, 0], maxlen=8)
0.7071067811865476, 2, 0, 6, 8
deque([0, 0, 0, 1, 1, 0, 0, 0], maxlen=8)
0.7071067811865476, 2, 0, 6, 8
deque([0, 0, 1, 1, 0, 0, 0, 0], maxlen=8)
0.7071067811865476, 3, 0, 5, 8
deque([0, 1, 1, 0, 0, 0, 0, 1], maxlen=8)
0.7071067811865476, 4, 0, 4, 8
deque([1, 1, 0, 0, 0, 0, 1, 1], maxlen=8)
0.7071067811865476, 4, 0, 4, 8
deque([1, 0, 0, 0, 0, 1, 1, 1], maxlen=8)
0.7071067811865476, 3, 0, 5, 8
deque([0, 0, 0, 0, 1, 1, 1, 0], maxlen=8)
0.7071067811865476, 3, 0, 5, 8
deque([0, 0, 0, 1, 1, 1, 0, 0], maxlen=8)
0.7071067811865476, 3, 0, 5, 8
deque([0, 0, 1, 1, 1, 0, 0, 0], maxlen=8)
0.7071067811865476, 3, 0, 5, 8
deque([0, 1, 1, 1, 0, 0, 0, 0], maxlen=8)
0.7071067811865476, 3, 0, 5, 8
deque([1, 1, 1, 0, 0, 0, 0, 0], maxlen=8)
0.7071067811865476, 3, 0, 5, 8
deque([1, 1, 0, 0, 0, 0, 0, 1], maxlen=8)
0.7071067811865476, 3, 0, 5, 8
deque([1, 0, 0, 0, 0, 0, 1, 1], maxlen=8)
0.7071067811865476, 3, 0, 5, 8
deque([0, 0, 0, 0, 0, 1, 1, 1], maxlen=8)
0.7071067811865476, 4, 0, 4, 8
deque([0, 0, 0, 0, 1, 1, 1, 1], maxlen=8)
0.7905694150420949, 5, 0, 3, 8
deque([0, 0, 0, 1, 1, 1, 1, 1], maxlen=8)
0.8660254037844386, 6, 0, 2, 8
deque([0, 0, 1, 1, 1, 1, 1, 1], maxlen=8)
0.9354143466934853, 7, 0, 1, 8
deque([0, 1, 1, 1, 1, 1, 1, 1], maxlen=8)
1.0, 8, 0, 0, 8
deque([1, 1, 1, 1, 1, 1, 1, 1], maxlen=8)
1.0, 8, 0, 0, 8
deque([1, 1, 1, 1, 1, 1, 1, 1], maxlen=8)
1.0, 8, 0, 0, 8
deque([1, 1, 1, 1, 1, 1, 1, 1], maxlen=8)
1.0, 8, 0, 0, 8
deque([1, 1, 1, 1, 1, 1, 1, 1], maxlen=8)
1.0, 8, 0, 0, 8
deque([1, 1, 1, 1, 1, 1, 1, 1], maxlen=8)
0.9354143466934853, 7, 0, 1, 8
deque([1, 1, 1, 1, 1, 1, 1, 0], maxlen=8)
0.8660254037844386, 6, 0, 2, 8
deque([1, 1, 1, 1, 1, 1, 0, 0], maxlen=8)
0.7905694150420949, 5, 0, 3, 8
deque([1, 1, 1, 1, 1, 0, 0, 0], maxlen=8)
0.7071067811865476, 4, 0, 4, 8
deque([1, 1, 1, 1, 0, 0, 0, 0], maxlen=8)
0.7071067811865476, 3, 0, 5, 8
deque([1, 1, 1, 0, 0, 0, 0, 0], maxlen=8)
0.7071067811865476, 2, 0, 6, 8
deque([1, 1, 0, 0, 0, 0, 0, 0], maxlen=8)
0.7071067811865476, 1, 0, 7, 8
deque([1, 0, 0, 0, 0, 0, 0, 0], maxlen=8)
0.7071067811865476, 0, 0, 8, 8
deque([0, 0, 0, 0, 0, 0, 0, 0], maxlen=8)
0.7071067811865476, 0, 0, 8, 8
deque([0, 0, 0, 0, 0, 0, 0, 0], maxlen=8)
0.7071067811865476, 0, 0, 9, 9
deque([0, 0, 0, 0, 0, 0, 0, 0], maxlen=8)
0.5, 0, 0, 10, 10
deque([0, 0, 0, 0, 0, 0, 0, 0], maxlen=8)
0.5, 1, 0, 10, 11
deque([0, 0, 0, 0, 0, 0, 0, 1], maxlen=8)
0.5, 2, 0, 10, 12
deque([0, 0, 0, 0, 0, 0, 1, 1], maxlen=8)
0.5, 3, 0, 10, 13
deque([0, 0, 0, 0, 0, 1, 1, 1], maxlen=8)
0.5, 4, 0, 10, 14
deque([0, 0, 0, 0, 1, 1, 1, 1], maxlen=8)
0.5, 5, 0, 10, 15
deque([0, 0, 0, 1, 1, 1, 1, 1], maxlen=8)
0.5, 6, 0, 10, 16
deque([0, 0, 1, 1, 1, 1, 1, 1], maxlen=8)
0.5, 7, 0, 9, 16
deque([0, 1, 1, 1, 1, 1, 1, 1], maxlen=8)
0.5, 8, 0, 8, 16
deque([1, 1, 1, 1, 1, 1, 1, 1], maxlen=8)
0.5, 8, 0, 8, 16
deque([1, 1, 1, 1, 1, 1, 1, 1], maxlen=8)
0.5, 8, 0, 8, 16
deque([1, 1, 1, 1, 1, 1, 1, 1], maxlen=8)
0.5, 8, 0, 8, 16
deque([1, 1, 1, 1, 1, 1, 1, 1], maxlen=8)
0.5, 8, 0, 8, 16
deque([1, 1, 1, 1, 1, 1, 1, 1], maxlen=8)
0.5, 8, 0, 8, 16
deque([1, 1, 1, 1, 1, 1, 1, 1], maxlen=8)
0.5, 7, 1, 8, 16
deque([1, 1, 1, 1, 1, 1, 1, 0], maxlen=8)
0.5, 6, 2, 8, 16
deque([1, 1, 1, 1, 1, 1, 0, 0], maxlen=8)
0.5, 5, 3, 8, 16
deque([1, 1, 1, 1, 1, 0, 0, 0], maxlen=8)
0.5, 4, 3, 8, 15
deque([1, 1, 1, 1, 0, 0, 0, 0], maxlen=8)
0.5, 3, 3, 8, 14
deque([1, 1, 1, 0, 0, 0, 0, 0], maxlen=8)
0.5, 2, 3, 8, 13
deque([1, 1, 0, 0, 0, 0, 0, 0], maxlen=8)
0.5, 1, 3, 8, 12
deque([1, 0, 0, 0, 0, 0, 0, 0], maxlen=8)
0.5, 0, 3, 8, 11
deque([0, 0, 0, 0, 0, 0, 0, 0], maxlen=8)
0.5, 0, 2, 8, 10
deque([0, 0, 0, 0, 0, 0, 0, 0], maxlen=8)
0.7071067811865476, 0, 1, 8, 9
deque([0, 0, 0, 0, 0, 0, 0, 0], maxlen=8)
0.7071067811865476, 0, 0, 9, 9
deque([0, 0, 0, 0, 0, 0, 0, 0], maxlen=8)
0.5, 0, 0, 10, 10
deque([0, 0, 0, 0, 0, 0, 0, 0], maxlen=8)
0.5, 0, 0, 11, 11
deque([0, 0, 0, 0, 0, 0, 0, 0], maxlen=8)
0.5, 0, 0, 12, 12
deque([0, 0, 0, 0, 0, 0, 0, 0], maxlen=8)
0.5, 0, 0, 13, 13
deque([0, 0, 0, 0, 0, 0, 0, 0], maxlen=8)
0.5, 0, 0, 14, 14
deque([0, 0, 0, 0, 0, 0, 0, 0], maxlen=8)
0.5, 0, 0, 15, 15
deque([0, 0, 0, 0, 0, 0, 0, 0], maxlen=8)
0.5, 0, 0, 16, 16
deque([0, 0, 0, 0, 0, 0, 0, 0], maxlen=8)
0.5, 0, 0, 16, 16
deque([0, 0, 0, 0, 0, 0, 0, 0], maxlen=8)
0.5, 0, 0, 16, 16
deque([0, 0, 0, 0, 0, 0, 0, 0], maxlen=8)
0.5, 0, 0, 16, 16
deque([0, 0, 0, 0, 0, 0, 0, 0], maxlen=8)
0.5, 0, 0, 16, 16
deque([0, 0, 0, 0, 0, 0, 0, 0], maxlen=8)
0.5, 1, 0, 15, 16
deque([0, 0, 0, 0, 0, 0, 0, 1], maxlen=8)
0.5, 2, 0, 14, 16
deque([0, 0, 0, 0, 0, 0, 1, 1], maxlen=8)
0.5, 3, 0, 13, 16
deque([0, 0, 0, 0, 0, 1, 1, 1], maxlen=8)
0.5, 4, 0, 12, 16
deque([0, 0, 0, 0, 1, 1, 1, 1], maxlen=8)
0.5, 5, 0, 11, 16
deque([0, 0, 0, 1, 1, 1, 1, 1], maxlen=8)
0.5, 6, 0, 10, 16
deque([0, 0, 1, 1, 1, 1, 1, 1], maxlen=8)
0.5, 7, 0, 9, 16
deque([0, 1, 1, 1, 1, 1, 1, 1], maxlen=8)
0.5, 8, 0, 8, 16
deque([1, 1, 1, 1, 1, 1, 1, 1], maxlen=8)
0.5, 8, 0, 8, 16
deque([1, 1, 1, 1, 1, 1, 1, 1], maxlen=8)
0.5625, 9, 0, 7, 16
deque([1, 1, 1, 1, 1, 1, 1, 2], maxlen=8)
0.625, 10, 0, 6, 16
deque([1, 1, 1, 1, 1, 1, 2, 2], maxlen=8)
0.6875, 11, 0, 5, 16
deque([1, 1, 1, 1, 1, 2, 2, 2], maxlen=8)
0.6875, 11, 1, 4, 16
deque([1, 1, 1, 1, 2, 2, 2, 1], maxlen=8)
0.6875, 11, 2, 3, 16
deque([1, 1, 1, 2, 2, 2, 1, 1], maxlen=8)
0.6875, 11, 3, 2, 16
deque([1, 1, 2, 2, 2, 1, 1, 1], maxlen=8)
0.6875, 11, 4, 1, 16
deque([1, 2, 2, 2, 1, 1, 1, 1], maxlen=8)
0.6875, 11, 5, 0, 16
deque([2, 2, 2, 1, 1, 1, 1, 1], maxlen=8)
0.625, 10, 6, 0, 16
deque([2, 2, 1, 1, 1, 1, 1, 1], maxlen=8)
0.5625, 9, 7, 0, 16
deque([2, 1, 1, 1, 1, 1, 1, 1], maxlen=8)
0.5, 8, 8, 0, 16
deque([1, 1, 1, 1, 1, 1, 1, 1], maxlen=8)
