Log started 01-05--$H$M0.8408964152537145, 0, 1, 0, 1
deque([0, 0, 0, 0, 0, 0, 0, 0], maxlen=8)
0.8408964152537145, 0, 2, 0, 2
deque([0, 0, 0, 0, 0, 0, 0, 0], maxlen=8)
0.8408964152537145, 0, 3, 0, 3
deque([0, 0, 0, 0, 0, 0, 0, 0], maxlen=8)
0.8408964152537145, 0, 4, 0, 4
deque([0, 0, 0, 0, 0, 0, 0, 0], maxlen=8)
0.7071067811865476, 0, 5, 0, 5
deque([0, 0, 0, 0, 0, 0, 0, 0], maxlen=8)
0.7071067811865476, 0, 6, 0, 6
deque([0, 0, 0, 0, 0, 0, 0, 0], maxlen=8)
0.7071067811865476, 0, 7, 0, 7
deque([0, 0, 0, 0, 0, 0, 0, 0], maxlen=8)
0.7071067811865476, 0, 8, 0, 8
deque([0, 0, 0, 0, 0, 0, 0, 0], maxlen=8)
0.7071067811865476, 0, 8, 0, 8
deque([0, 0, 0, 0, 0, 0, 0, 0], maxlen=8)
0.7071067811865476, 0, 8, 0, 8
deque([0, 0, 0, 0, 0, 0, 0, 0], maxlen=8)
0.7071067811865476, 0, 8, 0, 8
deque([0, 0, 0, 0, 0, 0, 0, 0], maxlen=8)
0.7071067811865476, 0, 8, 0, 8
deque([0, 0, 0, 0, 0, 0, 0, 0], maxlen=8)
0.7071067811865476, 0, 8, 0, 8
deque([0, 0, 0, 0, 0, 0, 0, 0], maxlen=8)
0.7071067811865476, 0, 8, 0, 8
deque([0, 0, 0, 0, 0, 0, 0, 0], maxlen=8)
0.7071067811865476, 0, 8, 0, 8
deque([0, 0, 0, 0, 0, 0, 0, 0], maxlen=8)
0.7071067811865476, 0, 8, 0, 8
deque([0, 0, 0, 0, 0, 0, 0, 0], maxlen=8)
0.7071067811865476, 0, 8, 0, 8
deque([0, 0, 0, 0, 0, 0, 0, 0], maxlen=8)
0.7071067811865476, 0, 8, 0, 8
deque([0, 0, 0, 0, 0, 0, 0, 0], maxlen=8)
0.7071067811865476, 0, 8, 0, 8
deque([0, 0, 0, 0, 0, 0, 0, 0], maxlen=8)
0.7071067811865476, 0, 8, 0, 8
deque([0, 0, 0, 0, 0, 0, 0, 0], maxlen=8)
0.7071067811865476, 0, 8, 0, 8
deque([0, 0, 0, 0, 0, 0, 0, 0], maxlen=8)
0.7071067811865476, 0, 8, 0, 8
deque([0, 0, 0, 0, 0, 0, 0, 0], maxlen=8)
0.7071067811865476, 0, 8, 0, 8
deque([0, 0, 0, 0, 0, 0, 0, 0], maxlen=8)
0.7071067811865476, 0, 8, 0, 8
deque([0, 0, 0, 0, 0, 0, 0, 0], maxlen=8)
0.7071067811865476, 0, 8, 0, 8
deque([0, 0, 0, 0, 0, 0, 0, 0], maxlen=8)
0.7071067811865476, 0, 8, 0, 8
deque([0, 0, 0, 0, 0, 0, 0, 0], maxlen=8)
0.7071067811865476, 0, 8, 0, 8
deque([0, 0, 0, 0, 0, 0, 0, 0], maxlen=8)
0.7071067811865476, 0, 8, 0, 8
deque([0, 0, 0, 0, 0, 0, 0, 0], maxlen=8)
0.7071067811865476, 0, 8, 0, 8
deque([0, 0, 0, 0, 0, 0, 0, 0], maxlen=8)
0.7071067811865476, 0, 8, 0, 8
deque([0, 0, 0, 0, 0, 0, 0, 0], maxlen=8)
0.7071067811865476, 0, 8, 0, 8
deque([0, 0, 0, 0, 0, 0, 0, 0], maxlen=8)
0.7071067811865476, 0, 8, 0, 8
deque([0, 0, 0, 0, 0, 0, 0, 0], maxlen=8)
0.7071067811865476, 0, 8, 0, 8
deque([0, 0, 0, 0, 0, 0, 0, 0], maxlen=8)
0.7071067811865476, 0, 8, 0, 8
deque([0, 0, 0, 0, 0, 0, 0, 0], maxlen=8)
0.7071067811865476, 0, 8, 0, 8
deque([0, 0, 0, 0, 0, 0, 0, 0], maxlen=8)
0.7071067811865476, 0, 8, 0, 8
deque([0, 0, 0, 0, 0, 0, 0, 0], maxlen=8)
0.7071067811865476, 0, 8, 1, 9
deque([0, 0, 0, 0, 0, 0, 0, 0], maxlen=8)
0.5, 0, 8, 2, 10
deque([0, 0, 0, 0, 0, 0, 0, 0], maxlen=8)
0.5, 0, 8, 3, 11
deque([0, 0, 0, 0, 0, 0, 0, 0], maxlen=8)
0.5, 0, 8, 4, 12
deque([0, 0, 0, 0, 0, 0, 0, 0], maxlen=8)
0.5, 0, 8, 5, 13
deque([0, 0, 0, 0, 0, 0, 0, 0], maxlen=8)
0.5, 0, 8, 6, 14
deque([0, 0, 0, 0, 0, 0, 0, 0], maxlen=8)
0.5, 0, 8, 7, 15
deque([0, 0, 0, 0, 0, 0, 0, 0], maxlen=8)
0.5, 0, 8, 8, 16
deque([0, 0, 0, 0, 0, 0, 0, 0], maxlen=8)
0.5, 0, 8, 8, 16
deque([0, 0, 0, 0, 0, 0, 0, 0], maxlen=8)
0.5, 0, 8, 8, 16
deque([0, 0, 0, 0, 0, 0, 0, 0], maxlen=8)
0.5, 0, 8, 8, 16
deque([0, 0, 0, 0, 0, 0, 0, 0], maxlen=8)
0.5, 0, 8, 8, 16
deque([0, 0, 0, 0, 0, 0, 0, 0], maxlen=8)
0.5, 0, 8, 8, 16
deque([0, 0, 0, 0, 0, 0, 0, 0], maxlen=8)
0.5, 0, 8, 8, 16
deque([0, 0, 0, 0, 0, 0, 0, 0], maxlen=8)
0.5, 0, 8, 8, 16
deque([0, 0, 0, 0, 0, 0, 0, 0], maxlen=8)
0.5, 0, 8, 8, 16
deque([0, 0, 0, 0, 0, 0, 0, 0], maxlen=8)
0.5, 0, 8, 7, 15
deque([0, 0, 0, 0, 0, 0, 0, 0], maxlen=8)
0.5, 0, 8, 6, 14
deque([0, 0, 0, 0, 0, 0, 0, 0], maxlen=8)
0.5, 0, 8, 5, 13
deque([0, 0, 0, 0, 0, 0, 0, 0], maxlen=8)
0.5, 0, 8, 4, 12
deque([0, 0, 0, 0, 0, 0, 0, 0], maxlen=8)
0.5, 0, 8, 3, 11
deque([0, 0, 0, 0, 0, 0, 0, 0], maxlen=8)
0.5, 0, 8, 2, 10
deque([0, 0, 0, 0, 0, 0, 0, 0], maxlen=8)
0.7071067811865476, 0, 8, 1, 9
deque([0, 0, 0, 0, 0, 0, 0, 0], maxlen=8)
0.7071067811865476, 0, 8, 0, 8
deque([0, 0, 0, 0, 0, 0, 0, 0], maxlen=8)
0.7071067811865476, 0, 8, 1, 9
deque([0, 0, 0, 0, 0, 0, 0, 0], maxlen=8)
0.5, 0, 8, 2, 10
deque([0, 0, 0, 0, 0, 0, 0, 0], maxlen=8)
0.5, 0, 8, 3, 11
deque([0, 0, 0, 0, 0, 0, 0, 0], maxlen=8)
0.5, 0, 8, 4, 12
deque([0, 0, 0, 0, 0, 0, 0, 0], maxlen=8)
0.5, 0, 8, 5, 13
deque([0, 0, 0, 0, 0, 0, 0, 0], maxlen=8)
0.5, 0, 8, 6, 14
deque([0, 0, 0, 0, 0, 0, 0, 0], maxlen=8)
0.5, 0, 8, 7, 15
deque([0, 0, 0, 0, 0, 0, 0, 0], maxlen=8)
0.5, 0, 8, 8, 16
deque([0, 0, 0, 0, 0, 0, 0, 0], maxlen=8)
0.5, 0, 8, 8, 16
deque([0, 0, 0, 0, 0, 0, 0, 0], maxlen=8)
0.5, 0, 8, 8, 16
deque([0, 0, 0, 0, 0, 0, 0, 0], maxlen=8)
0.5, 0, 8, 8, 16
deque([0, 0, 0, 0, 0, 0, 0, 0], maxlen=8)
0.5, 0, 8, 8, 16
deque([0, 0, 0, 0, 0, 0, 0, 0], maxlen=8)
0.5, 0, 8, 8, 16
deque([0, 0, 0, 0, 0, 0, 0, 0], maxlen=8)
0.5, 0, 8, 8, 16
deque([0, 0, 0, 0, 0, 0, 0, 0], maxlen=8)
0.5, 0, 8, 8, 16
deque([0, 0, 0, 0, 0, 0, 0, 0], maxlen=8)
0.5, 0, 8, 8, 16
deque([0, 0, 0, 0, 0, 0, 0, 0], maxlen=8)
0.5, 0, 8, 8, 16
deque([0, 0, 0, 0, 0, 0, 0, 0], maxlen=8)
0.5, 0, 8, 8, 16
deque([0, 0, 0, 0, 0, 0, 0, 0], maxlen=8)
0.5, 0, 8, 8, 16
deque([0, 0, 0, 0, 0, 0, 0, 0], maxlen=8)
0.5, 0, 8, 8, 16
deque([0, 0, 0, 0, 0, 0, 0, 0], maxlen=8)
0.5, 0, 8, 8, 16
deque([0, 0, 0, 0, 0, 0, 0, 0], maxlen=8)
0.5, 0, 8, 8, 16
deque([0, 0, 0, 0, 0, 0, 0, 0], maxlen=8)
0.5, 0, 8, 8, 16
deque([0, 0, 0, 0, 0, 0, 0, 0], maxlen=8)
0.5, 0, 8, 8, 16
deque([0, 0, 0, 0, 0, 0, 0, 0], maxlen=8)
0.5, 0, 8, 8, 16
deque([0, 0, 0, 0, 0, 0, 0, 0], maxlen=8)
0.5, 0, 8, 8, 16
deque([0, 0, 0, 0, 0, 0, 0, 0], maxlen=8)
0.5, 0, 8, 8, 16
deque([0, 0, 0, 0, 0, 0, 0, 0], maxlen=8)
0.5, 0, 8, 8, 16
deque([0, 0, 0, 0, 0, 0, 0, 0], maxlen=8)
0.5, 0, 8, 8, 16
deque([0, 0, 0, 0, 0, 0, 0, 0], maxlen=8)
0.5, 0, 8, 8, 16
deque([0, 0, 0, 0, 0, 0, 0, 0], maxlen=8)
0.5, 0, 8, 8, 16
deque([0, 0, 0, 0, 0, 0, 0, 0], maxlen=8)
0.5, 0, 8, 8, 16
deque([0, 0, 0, 0, 0, 0, 0, 0], maxlen=8)
0.5, 0, 8, 8, 16
deque([0, 0, 0, 0, 0, 0, 0, 0], maxlen=8)
0.5, 0, 8, 8, 16
deque([0, 0, 0, 0, 0, 0, 0, 0], maxlen=8)
0.5, 0, 8, 8, 16
deque([0, 0, 0, 0, 0, 0, 0, 0], maxlen=8)
0.5, 0, 8, 8, 16
deque([0, 0, 0, 0, 0, 0, 0, 0], maxlen=8)
0.5, 0, 8, 8, 16
deque([0, 0, 0, 0, 0, 0, 0, 0], maxlen=8)
0.5, 0, 8, 8, 16
deque([0, 0, 0, 0, 0, 0, 0, 0], maxlen=8)
0.5, 0, 8, 8, 16
deque([0, 0, 0, 0, 0, 0, 0, 0], maxlen=8)
0.5, 0, 8, 8, 16
deque([0, 0, 0, 0, 0, 0, 0, 0], maxlen=8)
0.5, 0, 8, 8, 16
deque([0, 0, 0, 0, 0, 0, 0, 0], maxlen=8)
0.5, 0, 8, 7, 15
deque([0, 0, 0, 0, 0, 0, 0, 0], maxlen=8)
0.5, 0, 8, 6, 14
deque([0, 0, 0, 0, 0, 0, 0, 0], maxlen=8)
0.5, 0, 8, 5, 13
deque([0, 0, 0, 0, 0, 0, 0, 0], maxlen=8)
0.5, 0, 8, 4, 12
deque([0, 0, 0, 0, 0, 0, 0, 0], maxlen=8)
0.5, 0, 8, 3, 11
deque([0, 0, 0, 0, 0, 0, 0, 0], maxlen=8)
0.5, 0, 8, 2, 10
deque([0, 0, 0, 0, 0, 0, 0, 0], maxlen=8)
0.7071067811865476, 0, 8, 1, 9
deque([0, 0, 0, 0, 0, 0, 0, 0], maxlen=8)
0.7071067811865476, 0, 8, 0, 8
deque([0, 0, 0, 0, 0, 0, 0, 0], maxlen=8)
0.7071067811865476, 0, 8, 0, 8
deque([0, 0, 0, 0, 0, 0, 0, 0], maxlen=8)
0.7071067811865476, 0, 8, 0, 8
deque([0, 0, 0, 0, 0, 0, 0, 0], maxlen=8)
0.7071067811865476, 0, 8, 0, 8
deque([0, 0, 0, 0, 0, 0, 0, 0], maxlen=8)
0.7071067811865476, 0, 8, 0, 8
deque([0, 0, 0, 0, 0, 0, 0, 0], maxlen=8)
0.7071067811865476, 0, 8, 0, 8
deque([0, 0, 0, 0, 0, 0, 0, 0], maxlen=8)
0.7071067811865476, 0, 8, 0, 8
deque([0, 0, 0, 0, 0, 0, 0, 0], maxlen=8)
0.7071067811865476, 0, 8, 0, 8
deque([0, 0, 0, 0, 0, 0, 0, 0], maxlen=8)
0.7071067811865476, 0, 8, 0, 8
deque([0, 0, 0, 0, 0, 0, 0, 0], maxlen=8)
0.7071067811865476, 0, 8, 0, 8
deque([0, 0, 0, 0, 0, 0, 0, 0], maxlen=8)
0.7071067811865476, 0, 8, 0, 8
deque([0, 0, 0, 0, 0, 0, 0, 0], maxlen=8)
0.7071067811865476, 0, 8, 1, 9
deque([0, 0, 0, 0, 0, 0, 0, 0], maxlen=8)
0.5, 0, 8, 2, 10
deque([0, 0, 0, 0, 0, 0, 0, 0], maxlen=8)
0.5, 0, 8, 3, 11
deque([0, 0, 0, 0, 0, 0, 0, 0], maxlen=8)
0.5, 0, 8, 4, 12
deque([0, 0, 0, 0, 0, 0, 0, 0], maxlen=8)
0.5, 0, 8, 5, 13
deque([0, 0, 0, 0, 0, 0, 0, 0], maxlen=8)
0.5, 0, 8, 6, 14
deque([0, 0, 0, 0, 0, 0, 0, 0], maxlen=8)
0.5, 0, 8, 7, 15
deque([0, 0, 0, 0, 0, 0, 0, 0], maxlen=8)
0.5, 0, 8, 8, 16
deque([0, 0, 0, 0, 0, 0, 0, 0], maxlen=8)
0.5, 0, 8, 8, 16
deque([0, 0, 0, 0, 0, 0, 0, 0], maxlen=8)
0.5, 0, 8, 8, 16
deque([0, 0, 0, 0, 0, 0, 0, 0], maxlen=8)
0.5, 0, 8, 8, 16
deque([0, 0, 0, 0, 0, 0, 0, 0], maxlen=8)
0.5, 0, 8, 8, 16
deque([0, 0, 0, 0, 0, 0, 0, 0], maxlen=8)
0.5, 0, 8, 8, 16
deque([0, 0, 0, 0, 0, 0, 0, 0], maxlen=8)
0.5, 0, 8, 8, 16
deque([0, 0, 0, 0, 0, 0, 0, 0], maxlen=8)
0.5, 1, 7, 8, 16
deque([0, 0, 0, 0, 0, 0, 0, 1], maxlen=8)
0.5, 2, 6, 8, 16
deque([0, 0, 0, 0, 0, 0, 1, 1], maxlen=8)
0.5, 3, 5, 8, 16
deque([0, 0, 0, 0, 0, 1, 1, 1], maxlen=8)
0.5, 4, 4, 8, 16
deque([0, 0, 0, 0, 1, 1, 1, 1], maxlen=8)
0.5, 5, 3, 8, 16
deque([0, 0, 0, 1, 1, 1, 1, 1], maxlen=8)
0.5, 6, 2, 8, 16
deque([0, 0, 1, 1, 1, 1, 1, 1], maxlen=8)
0.5, 7, 1, 8, 16
deque([0, 1, 1, 1, 1, 1, 1, 1], maxlen=8)
0.5, 8, 0, 8, 16
deque([1, 1, 1, 1, 1, 1, 1, 1], maxlen=8)
0.5, 8, 0, 8, 16
deque([1, 1, 1, 1, 1, 1, 1, 1], maxlen=8)
0.5, 7, 0, 9, 16
deque([1, 1, 1, 1, 1, 1, 1, 0], maxlen=8)
0.5, 6, 0, 10, 16
deque([1, 1, 1, 1, 1, 1, 0, 0], maxlen=8)
0.5, 5, 0, 11, 16
deque([1, 1, 1, 1, 1, 0, 0, 0], maxlen=8)
0.5, 4, 0, 12, 16
deque([1, 1, 1, 1, 0, 0, 0, 0], maxlen=8)
0.5, 3, 0, 13, 16
deque([1, 1, 1, 0, 0, 0, 0, 0], maxlen=8)
0.5, 2, 0, 14, 16
deque([1, 1, 0, 0, 0, 0, 0, 0], maxlen=8)
0.5, 1, 0, 15, 16
deque([1, 0, 0, 0, 0, 0, 0, 0], maxlen=8)
0.5, 0, 0, 16, 16
deque([0, 0, 0, 0, 0, 0, 0, 0], maxlen=8)
0.5, 0, 0, 16, 16
deque([0, 0, 0, 0, 0, 0, 0, 0], maxlen=8)
0.5, 0, 0, 16, 16
deque([0, 0, 0, 0, 0, 0, 0, 0], maxlen=8)
0.5, 0, 0, 16, 16
deque([0, 0, 0, 0, 0, 0, 0, 0], maxlen=8)
0.5, 1, 0, 15, 16
deque([0, 0, 0, 0, 0, 0, 0, 1], maxlen=8)
0.5, 2, 0, 14, 16
deque([0, 0, 0, 0, 0, 0, 1, 1], maxlen=8)
0.5, 3, 0, 12, 15
deque([0, 0, 0, 0, 0, 1, 1, 1], maxlen=8)
0.5, 4, 0, 10, 14
deque([0, 0, 0, 0, 1, 1, 1, 1], maxlen=8)
0.5, 5, 0, 8, 13
deque([0, 0, 0, 1, 1, 1, 1, 1], maxlen=8)
0.5, 6, 0, 6, 12
deque([0, 0, 1, 1, 1, 1, 1, 1], maxlen=8)
0.6363636363636364, 7, 0, 4, 11
deque([0, 1, 1, 1, 1, 1, 1, 1], maxlen=8)
0.8, 8, 0, 2, 10
deque([1, 1, 1, 1, 1, 1, 1, 1], maxlen=8)
0.9428090415820634, 8, 0, 1, 9
deque([1, 1, 1, 1, 1, 1, 1, 1], maxlen=8)
1.0, 8, 0, 0, 8
deque([1, 1, 1, 1, 1, 1, 1, 1], maxlen=8)
1.0, 8, 0, 0, 8
deque([1, 1, 1, 1, 1, 1, 1, 1], maxlen=8)
1.0, 8, 0, 0, 8
deque([1, 1, 1, 1, 1, 1, 1, 1], maxlen=8)
1.0, 8, 0, 0, 8
deque([1, 1, 1, 1, 1, 1, 1, 1], maxlen=8)
1.0, 8, 0, 0, 8
deque([1, 1, 1, 1, 1, 1, 1, 1], maxlen=8)
1.0, 8, 0, 0, 8
deque([1, 1, 1, 1, 1, 1, 1, 1], maxlen=8)
1.0, 8, 0, 0, 8
deque([1, 1, 1, 1, 1, 1, 1, 1], maxlen=8)
1.0, 8, 0, 0, 8
deque([1, 1, 1, 1, 1, 1, 1, 1], maxlen=8)
1.0, 8, 0, 0, 8
deque([1, 1, 1, 1, 1, 1, 1, 1], maxlen=8)
1.0, 8, 0, 0, 8
deque([1, 1, 1, 1, 1, 1, 1, 1], maxlen=8)
1.0, 8, 0, 0, 8
deque([1, 1, 1, 1, 1, 1, 1, 1], maxlen=8)
1.0, 8, 0, 0, 8
deque([1, 1, 1, 1, 1, 1, 1, 1], maxlen=8)
1.0, 8, 0, 0, 8
deque([1, 1, 1, 1, 1, 1, 1, 1], maxlen=8)
1.0, 8, 0, 0, 8
deque([1, 1, 1, 1, 1, 1, 1, 1], maxlen=8)
1.0, 8, 0, 0, 8
deque([1, 1, 1, 1, 1, 1, 1, 1], maxlen=8)
0.9428090415820634, 8, 0, 1, 9
deque([1, 1, 1, 1, 1, 1, 1, 1], maxlen=8)
0.8, 8, 0, 2, 10
deque([1, 1, 1, 1, 1, 1, 1, 1], maxlen=8)
0.7272727272727273, 8, 0, 3, 11
deque([1, 1, 1, 1, 1, 1, 1, 1], maxlen=8)
0.6666666666666666, 8, 0, 4, 12
deque([1, 1, 1, 1, 1, 1, 1, 1], maxlen=8)
0.6153846153846154, 8, 0, 5, 13
deque([1, 1, 1, 1, 1, 1, 1, 1], maxlen=8)
0.5714285714285714, 8, 0, 6, 14
deque([1, 1, 1, 1, 1, 1, 1, 1], maxlen=8)
0.5333333333333333, 8, 0, 7, 15
deque([1, 1, 1, 1, 1, 1, 1, 1], maxlen=8)
0.5, 8, 0, 8, 16
deque([1, 1, 1, 1, 1, 1, 1, 1], maxlen=8)
0.5, 8, 0, 8, 16
deque([1, 1, 1, 1, 1, 1, 1, 1], maxlen=8)
0.5625, 9, 0, 7, 16
deque([1, 1, 1, 1, 1, 1, 1, 2], maxlen=8)
0.625, 10, 0, 6, 16
deque([1, 1, 1, 1, 1, 1, 2, 2], maxlen=8)
0.6875, 11, 0, 5, 16
deque([1, 1, 1, 1, 1, 2, 2, 2], maxlen=8)
0.75, 12, 0, 4, 16
deque([1, 1, 1, 1, 2, 2, 2, 2], maxlen=8)
0.8125, 13, 0, 3, 16
deque([1, 1, 1, 2, 2, 2, 2, 2], maxlen=8)
0.875, 14, 0, 2, 16
deque([1, 1, 2, 2, 2, 2, 2, 2], maxlen=8)
0.9375, 15, 0, 1, 16
deque([1, 2, 2, 2, 2, 2, 2, 2], maxlen=8)
1.0, 16, 0, 0, 16
deque([2, 2, 2, 2, 2, 2, 2, 2], maxlen=8)
1.0, 16, 0, 0, 16
deque([2, 2, 2, 2, 2, 2, 2, 2], maxlen=8)
1.0, 16, 0, 0, 16
deque([2, 2, 2, 2, 2, 2, 2, 2], maxlen=8)
1.0, 16, 0, 0, 16
deque([2, 2, 2, 2, 2, 2, 2, 2], maxlen=8)
0.8823529411764706, 15, 1, 1, 17
deque([2, 2, 2, 2, 2, 2, 2, 1], maxlen=8)
0.7777777777777778, 14, 2, 2, 18
deque([2, 2, 2, 2, 2, 2, 1, 1], maxlen=8)
0.6842105263157895, 13, 3, 3, 19
deque([2, 2, 2, 2, 2, 1, 1, 1], maxlen=8)
0.6, 12, 4, 4, 20
deque([2, 2, 2, 2, 1, 1, 1, 1], maxlen=8)
0.5238095238095238, 11, 5, 5, 21
deque([2, 2, 2, 1, 1, 1, 1, 1], maxlen=8)
0.5, 10, 6, 6, 22
deque([2, 2, 1, 1, 1, 1, 1, 1], maxlen=8)
0.5, 9, 7, 7, 23
deque([2, 1, 1, 1, 1, 1, 1, 1], maxlen=8)
0.5, 8, 8, 8, 24
deque([1, 1, 1, 1, 1, 1, 1, 1], maxlen=8)
0.5, 8, 8, 8, 24
deque([1, 1, 1, 1, 1, 1, 1, 1], maxlen=8)
0.5, 8, 8, 8, 24
deque([1, 1, 1, 1, 1, 1, 1, 1], maxlen=8)
0.5, 8, 8, 8, 24
deque([1, 1, 1, 1, 1, 1, 1, 1], maxlen=8)
0.5, 8, 8, 8, 24
deque([1, 1, 1, 1, 1, 1, 1, 1], maxlen=8)
0.5, 8, 8, 8, 24
deque([1, 1, 1, 1, 1, 1, 1, 1], maxlen=8)
0.5, 8, 8, 8, 24
deque([1, 1, 1, 1, 1, 1, 1, 1], maxlen=8)
0.5, 9, 8, 7, 24
deque([1, 1, 1, 1, 1, 1, 1, 2], maxlen=8)
0.5, 10, 8, 6, 24
deque([1, 1, 1, 1, 1, 1, 2, 2], maxlen=8)
0.5, 11, 8, 5, 24
deque([1, 1, 1, 1, 1, 2, 2, 2], maxlen=8)
0.5, 12, 8, 4, 24
deque([1, 1, 1, 1, 2, 2, 2, 2], maxlen=8)
0.5416666666666666, 13, 8, 3, 24
deque([1, 1, 1, 2, 2, 2, 2, 2], maxlen=8)
0.5833333333333334, 14, 8, 2, 24
deque([1, 1, 2, 2, 2, 2, 2, 2], maxlen=8)
0.625, 15, 8, 1, 24
deque([1, 2, 2, 2, 2, 2, 2, 2], maxlen=8)
0.6666666666666666, 16, 8, 0, 24
deque([2, 2, 2, 2, 2, 2, 2, 2], maxlen=8)
0.6666666666666666, 16, 8, 0, 24
deque([2, 2, 2, 2, 2, 2, 2, 2], maxlen=8)
0.625, 15, 8, 1, 24
deque([2, 2, 2, 2, 2, 2, 2, 1], maxlen=8)
0.5833333333333334, 14, 8, 2, 24
deque([2, 2, 2, 2, 2, 2, 1, 1], maxlen=8)
0.5416666666666666, 13, 8, 3, 24
deque([2, 2, 2, 2, 2, 1, 1, 1], maxlen=8)
0.5, 12, 8, 4, 24
deque([2, 2, 2, 2, 1, 1, 1, 1], maxlen=8)
0.5, 11, 8, 5, 24
deque([2, 2, 2, 1, 1, 1, 1, 1], maxlen=8)
0.5, 11, 8, 5, 24
deque([2, 2, 1, 1, 1, 1, 1, 2], maxlen=8)
0.5, 11, 8, 5, 24
deque([2, 1, 1, 1, 1, 1, 2, 2], maxlen=8)
0.5, 10, 8, 6, 24
deque([1, 1, 1, 1, 1, 2, 2, 1], maxlen=8)
0.5, 10, 8, 6, 24
deque([1, 1, 1, 1, 2, 2, 1, 1], maxlen=8)
0.5, 11, 8, 5, 24
deque([1, 1, 1, 2, 2, 1, 1, 2], maxlen=8)
0.5, 12, 8, 4, 24
deque([1, 1, 2, 2, 1, 1, 2, 2], maxlen=8)
0.5416666666666666, 13, 8, 3, 24
deque([1, 2, 2, 1, 1, 2, 2, 2], maxlen=8)
0.5833333333333334, 14, 8, 2, 24
deque([2, 2, 1, 1, 2, 2, 2, 2], maxlen=8)
0.5833333333333334, 14, 8, 2, 24
deque([2, 1, 1, 2, 2, 2, 2, 2], maxlen=8)
0.5833333333333334, 14, 8, 2, 24
deque([1, 1, 2, 2, 2, 2, 2, 2], maxlen=8)
0.625, 15, 8, 1, 24
deque([1, 2, 2, 2, 2, 2, 2, 2], maxlen=8)
0.6666666666666666, 16, 8, 0, 24
deque([2, 2, 2, 2, 2, 2, 2, 2], maxlen=8)
0.6521739130434783, 15, 8, 0, 23
deque([2, 2, 2, 2, 2, 2, 2, 1], maxlen=8)
0.6363636363636364, 14, 8, 0, 22
deque([2, 2, 2, 2, 2, 2, 1, 1], maxlen=8)
0.65, 13, 7, 0, 20
deque([2, 2, 2, 2, 2, 1, 1, 1], maxlen=8)
0.6666666666666666, 12, 6, 0, 18
deque([2, 2, 2, 2, 1, 1, 1, 1], maxlen=8)
0.6875, 11, 5, 0, 16
deque([2, 2, 2, 1, 1, 1, 1, 1], maxlen=8)
0.7142857142857143, 10, 4, 0, 14
deque([2, 2, 1, 1, 1, 1, 1, 1], maxlen=8)
0.75, 9, 3, 0, 12
deque([2, 1, 1, 1, 1, 1, 1, 1], maxlen=8)
0.8, 8, 2, 0, 10
deque([1, 1, 1, 1, 1, 1, 1, 1], maxlen=8)
0.9428090415820634, 8, 1, 0, 9
deque([1, 1, 1, 1, 1, 1, 1, 1], maxlen=8)
1.0, 8, 0, 0, 8
deque([1, 1, 1, 1, 1, 1, 1, 1], maxlen=8)
1.0, 8, 0, 0, 8
deque([1, 1, 1, 1, 1, 1, 1, 1], maxlen=8)
1.0, 8, 0, 0, 8
deque([1, 1, 1, 1, 1, 1, 1, 1], maxlen=8)
1.0, 8, 0, 0, 8
deque([1, 1, 1, 1, 1, 1, 1, 1], maxlen=8)
1.0, 8, 0, 0, 8
deque([1, 1, 1, 1, 1, 1, 1, 1], maxlen=8)
1.0, 8, 0, 0, 8
deque([1, 1, 1, 1, 1, 1, 1, 1], maxlen=8)
1.0, 8, 0, 0, 8
deque([1, 1, 1, 1, 1, 1, 1, 1], maxlen=8)
1.0, 8, 0, 0, 8
deque([1, 1, 1, 1, 1, 1, 1, 1], maxlen=8)
1.0, 8, 0, 0, 8
deque([1, 1, 1, 1, 1, 1, 1, 1], maxlen=8)
1.0, 8, 0, 0, 8
deque([1, 1, 1, 1, 1, 1, 1, 1], maxlen=8)
1.0, 8, 0, 0, 8
deque([1, 1, 1, 1, 1, 1, 1, 1], maxlen=8)
1.0, 8, 0, 0, 8
deque([1, 1, 1, 1, 1, 1, 1, 1], maxlen=8)
1.0, 8, 0, 0, 8
deque([1, 1, 1, 1, 1, 1, 1, 1], maxlen=8)
1.0, 8, 0, 0, 8
deque([1, 1, 1, 1, 1, 1, 1, 1], maxlen=8)
1.0, 8, 0, 0, 8
deque([1, 1, 1, 1, 1, 1, 1, 1], maxlen=8)
1.0, 8, 0, 0, 8
deque([1, 1, 1, 1, 1, 1, 1, 1], maxlen=8)
1.0, 8, 0, 0, 8
deque([1, 1, 1, 1, 1, 1, 1, 1], maxlen=8)
1.0, 8, 0, 0, 8
deque([1, 1, 1, 1, 1, 1, 1, 1], maxlen=8)
1.0, 8, 0, 0, 8
deque([1, 1, 1, 1, 1, 1, 1, 1], maxlen=8)
1.0, 8, 0, 0, 8
deque([1, 1, 1, 1, 1, 1, 1, 1], maxlen=8)
1.0, 8, 0, 0, 8
deque([1, 1, 1, 1, 1, 1, 1, 1], maxlen=8)
1.0, 8, 0, 0, 8
deque([1, 1, 1, 1, 1, 1, 1, 1], maxlen=8)
1.0, 8, 0, 0, 8
deque([1, 1, 1, 1, 1, 1, 1, 1], maxlen=8)
1.0, 8, 0, 0, 8
deque([1, 1, 1, 1, 1, 1, 1, 1], maxlen=8)
1.0, 8, 0, 0, 8
deque([1, 1, 1, 1, 1, 1, 1, 1], maxlen=8)
1.0, 8, 0, 0, 8
deque([1, 1, 1, 1, 1, 1, 1, 1], maxlen=8)
1.0, 8, 0, 0, 8
deque([1, 1, 1, 1, 1, 1, 1, 1], maxlen=8)
1.0, 8, 0, 0, 8
deque([1, 1, 1, 1, 1, 1, 1, 1], maxlen=8)
1.0, 8, 0, 0, 8
deque([1, 1, 1, 1, 1, 1, 1, 1], maxlen=8)
1.0, 8, 0, 0, 8
deque([1, 1, 1, 1, 1, 1, 1, 1], maxlen=8)
1.0, 8, 0, 0, 8
deque([1, 1, 1, 1, 1, 1, 1, 1], maxlen=8)
1.0, 8, 0, 0, 8
deque([1, 1, 1, 1, 1, 1, 1, 1], maxlen=8)
1.0, 8, 0, 0, 8
deque([1, 1, 1, 1, 1, 1, 1, 1], maxlen=8)
1.0, 8, 0, 0, 8
deque([1, 1, 1, 1, 1, 1, 1, 1], maxlen=8)
1.0, 8, 0, 0, 8
deque([1, 1, 1, 1, 1, 1, 1, 1], maxlen=8)
1.0, 8, 0, 0, 8
deque([1, 1, 1, 1, 1, 1, 1, 1], maxlen=8)
1.0, 8, 0, 0, 8
deque([1, 1, 1, 1, 1, 1, 1, 1], maxlen=8)
1.0, 8, 0, 0, 8
deque([1, 1, 1, 1, 1, 1, 1, 1], maxlen=8)
1.0, 8, 0, 0, 8
deque([1, 1, 1, 1, 1, 1, 1, 1], maxlen=8)
1.0, 8, 0, 0, 8
deque([1, 1, 1, 1, 1, 1, 1, 1], maxlen=8)
1.0, 8, 0, 0, 8
deque([1, 1, 1, 1, 1, 1, 1, 1], maxlen=8)
1.0, 8, 0, 0, 8
deque([1, 1, 1, 1, 1, 1, 1, 1], maxlen=8)
1.0, 8, 0, 0, 8
deque([1, 1, 1, 1, 1, 1, 1, 1], maxlen=8)
1.0, 8, 0, 0, 8
deque([1, 1, 1, 1, 1, 1, 1, 1], maxlen=8)
1.0, 8, 0, 0, 8
deque([1, 1, 1, 1, 1, 1, 1, 1], maxlen=8)
1.0, 8, 0, 0, 8
deque([1, 1, 1, 1, 1, 1, 1, 1], maxlen=8)
1.0, 8, 0, 0, 8
deque([1, 1, 1, 1, 1, 1, 1, 1], maxlen=8)
1.0, 8, 0, 0, 8
deque([1, 1, 1, 1, 1, 1, 1, 1], maxlen=8)
1.0, 8, 0, 0, 8
deque([1, 1, 1, 1, 1, 1, 1, 1], maxlen=8)
1.0, 8, 0, 0, 8
deque([1, 1, 1, 1, 1, 1, 1, 1], maxlen=8)
0.9428090415820634, 8, 0, 1, 9
deque([1, 1, 1, 1, 1, 1, 1, 1], maxlen=8)
0.8, 8, 0, 2, 10
deque([1, 1, 1, 1, 1, 1, 1, 1], maxlen=8)
0.7272727272727273, 8, 0, 3, 11
deque([1, 1, 1, 1, 1, 1, 1, 1], maxlen=8)
0.6666666666666666, 8, 0, 4, 12
deque([1, 1, 1, 1, 1, 1, 1, 1], maxlen=8)
0.6153846153846154, 8, 0, 5, 13
deque([1, 1, 1, 1, 1, 1, 1, 1], maxlen=8)
0.5714285714285714, 8, 0, 6, 14
deque([1, 1, 1, 1, 1, 1, 1, 1], maxlen=8)
0.5333333333333333, 8, 0, 7, 15
deque([1, 1, 1, 1, 1, 1, 1, 1], maxlen=8)
0.5, 8, 0, 8, 16
deque([1, 1, 1, 1, 1, 1, 1, 1], maxlen=8)
0.5, 8, 0, 8, 16
deque([1, 1, 1, 1, 1, 1, 1, 1], maxlen=8)
0.5, 8, 0, 8, 16
deque([1, 1, 1, 1, 1, 1, 1, 1], maxlen=8)
0.5, 8, 0, 8, 16
deque([1, 1, 1, 1, 1, 1, 1, 1], maxlen=8)
0.5, 8, 0, 8, 16
deque([1, 1, 1, 1, 1, 1, 1, 1], maxlen=8)
0.5, 8, 0, 8, 16
deque([1, 1, 1, 1, 1, 1, 1, 1], maxlen=8)
0.5, 8, 0, 8, 16
deque([1, 1, 1, 1, 1, 1, 1, 1], maxlen=8)
0.5, 8, 0, 8, 16
deque([1, 1, 1, 1, 1, 1, 1, 1], maxlen=8)
0.5333333333333333, 8, 0, 7, 15
deque([1, 1, 1, 1, 1, 1, 1, 1], maxlen=8)
0.5714285714285714, 8, 0, 6, 14
deque([1, 1, 1, 1, 1, 1, 1, 1], maxlen=8)
0.6153846153846154, 8, 0, 5, 13
deque([1, 1, 1, 1, 1, 1, 1, 1], maxlen=8)
0.6666666666666666, 8, 0, 4, 12
deque([1, 1, 1, 1, 1, 1, 1, 1], maxlen=8)
0.7272727272727273, 8, 0, 3, 11
deque([1, 1, 1, 1, 1, 1, 1, 1], maxlen=8)
0.8, 8, 0, 2, 10
deque([1, 1, 1, 1, 1, 1, 1, 1], maxlen=8)
0.9428090415820634, 8, 0, 1, 9
deque([1, 1, 1, 1, 1, 1, 1, 1], maxlen=8)
1.0, 8, 0, 0, 8
deque([1, 1, 1, 1, 1, 1, 1, 1], maxlen=8)
1.0, 8, 0, 0, 8
deque([1, 1, 1, 1, 1, 1, 1, 1], maxlen=8)
1.0, 8, 0, 0, 8
deque([1, 1, 1, 1, 1, 1, 1, 1], maxlen=8)
0.9428090415820634, 8, 0, 1, 9
deque([1, 1, 1, 1, 1, 1, 1, 1], maxlen=8)
0.8, 8, 0, 2, 10
deque([1, 1, 1, 1, 1, 1, 1, 1], maxlen=8)
0.7272727272727273, 8, 0, 3, 11
deque([1, 1, 1, 1, 1, 1, 1, 1], maxlen=8)
0.75, 9, 0, 3, 12
deque([1, 1, 1, 1, 1, 1, 1, 2], maxlen=8)
0.7692307692307693, 10, 0, 3, 13
deque([1, 1, 1, 1, 1, 1, 2, 2], maxlen=8)
0.7857142857142857, 11, 0, 3, 14
deque([1, 1, 1, 1, 1, 2, 2, 2], maxlen=8)
0.8, 12, 0, 3, 15
deque([1, 1, 1, 1, 2, 2, 2, 2], maxlen=8)
0.8125, 13, 0, 3, 16
deque([1, 1, 1, 2, 2, 2, 2, 2], maxlen=8)
0.7647058823529411, 13, 1, 3, 17
deque([1, 1, 2, 2, 2, 2, 2, 1], maxlen=8)
0.7222222222222222, 13, 2, 3, 18
deque([1, 2, 2, 2, 2, 2, 1, 1], maxlen=8)
0.6842105263157895, 13, 3, 3, 19
deque([2, 2, 2, 2, 2, 1, 1, 1], maxlen=8)
0.6, 12, 4, 4, 20
deque([2, 2, 2, 2, 1, 1, 1, 1], maxlen=8)
0.5238095238095238, 11, 5, 5, 21
deque([2, 2, 2, 1, 1, 1, 1, 1], maxlen=8)
0.5, 10, 6, 6, 22
deque([2, 2, 1, 1, 1, 1, 1, 1], maxlen=8)
0.5, 9, 7, 7, 23
deque([2, 1, 1, 1, 1, 1, 1, 1], maxlen=8)
0.5, 8, 8, 8, 24
deque([1, 1, 1, 1, 1, 1, 1, 1], maxlen=8)
0.5, 8, 8, 8, 24
deque([1, 1, 1, 1, 1, 1, 1, 1], maxlen=8)
0.5, 8, 8, 8, 24
deque([1, 1, 1, 1, 1, 1, 1, 1], maxlen=8)
0.5, 8, 8, 8, 24
deque([1, 1, 1, 1, 1, 1, 1, 1], maxlen=8)
0.5, 8, 8, 8, 24
deque([1, 1, 1, 1, 1, 1, 1, 1], maxlen=8)
0.5, 8, 8, 8, 24
deque([1, 1, 1, 1, 1, 1, 1, 1], maxlen=8)
0.5, 8, 8, 8, 24
deque([1, 1, 1, 1, 1, 1, 1, 1], maxlen=8)
0.5, 8, 8, 8, 24
deque([1, 1, 1, 1, 1, 1, 1, 1], maxlen=8)
0.5, 8, 8, 8, 24
deque([1, 1, 1, 1, 1, 1, 1, 1], maxlen=8)
0.5, 8, 7, 7, 22
deque([1, 1, 1, 1, 1, 1, 1, 1], maxlen=8)
0.5, 8, 6, 6, 20
deque([1, 1, 1, 1, 1, 1, 1, 1], maxlen=8)
0.5, 8, 5, 5, 18
deque([1, 1, 1, 1, 1, 1, 1, 1], maxlen=8)
0.5, 8, 4, 4, 16
deque([1, 1, 1, 1, 1, 1, 1, 1], maxlen=8)
0.5714285714285714, 8, 3, 3, 14
deque([1, 1, 1, 1, 1, 1, 1, 1], maxlen=8)
0.6666666666666666, 8, 2, 2, 12
deque([1, 1, 1, 1, 1, 1, 1, 1], maxlen=8)
0.8, 8, 1, 1, 10
deque([1, 1, 1, 1, 1, 1, 1, 1], maxlen=8)
1.0, 8, 0, 0, 8
deque([1, 1, 1, 1, 1, 1, 1, 1], maxlen=8)
